BASIS "ao basis" SPHERICAL PRINT
#BASIS SET: (11s,6p,3d,2f) -> [5s,4p,3d,2f]
B    S
   5473.00000000             0.00064785             0.00000000             0.00013102             0.00000000             0.00000000
    820.90000000             0.00441243             0.00000000             0.00089370             0.00000000             0.00000000
    186.80000000             0.02213552             0.00000000             0.00452511             0.00000000             0.00000000
     52.83000000             0.08466795             0.00000000             0.01774503             0.00000000             0.00000000
     17.08000000             0.23871846             0.00000000             0.05370863             0.00000000             0.00000000
      5.99900000             0.43496974             0.00000000             0.11906457             0.00000000             0.00000000
      2.20800000             0.34169308             0.00000000             0.16569269             0.00000000             0.00000000
      0.58790000             0.03681279             1.00000000            -0.12054587             0.00000000             0.00000000
      0.24150000            -0.00953318             0.00000000            -0.59599166             0.00000000             0.00000000
      0.08610000             0.00236501             0.00000000            -0.41063694             1.00000000             0.00000000
      0.0291400              0.00000000             0.00000000             0.00000000             0.00000000             1.00000000
B    P
     12.05000000             0.00000000             0.01313858             0.00000000             0.00000000
      2.61300000             0.00000000             0.07989998             0.00000000             0.00000000
      0.74750000             0.00000000             0.27717489             0.00000000             0.00000000
      0.23850000             1.00000000             0.50423223             0.00000000             0.00000000
      0.07698000             0.00000000             0.35381902             1.00000000             0.00000000
      0.0209600              0.00000000             0.00000000             0.00000000             1.00000000
B    D
      0.66100000             1.00000000             0.00000000             0.00000000
      0.19900000             0.00000000             1.00000000             0.00000000
      0.0604000              0.00000000             0.00000000             1.00000000
B    F
      0.49000000             1.00000000             0.00000000
      0.1630000              0.00000000             1.00000000
END
