BASIS "ao basis" SPHERICAL PRINT
#BASIS SET: (16s,10p,5d,4f,3g,2h,1i) -> [7s,6p,5d,4f,3g,2h,1i]
B    S
 210400.00000000             0.00001552             0.00000000             0.00000000             0.00000000             0.00000314             0.00000000             0.00000000
  31500.00000000             0.00006846             0.00000000             0.00000000             0.00000000             0.00001383             0.00000000             0.00000000
   7169.00000000             0.00028297             0.00000000             0.00000000             0.00000000             0.00005724             0.00000000             0.00000000
   2030.00000000             0.00107138             0.00000000             0.00000000             0.00000000             0.00021651             0.00000000             0.00000000
    662.50000000             0.00373406             0.00000000             0.00000000             0.00000000             0.00075785             0.00000000             0.00000000
    239.20000000             0.01185667             0.00000000             0.00000000             0.00000000             0.00241247             0.00000000             0.00000000
     93.26000000             0.03396271             0.00000000             0.00000000             0.00000000             0.00702453             0.00000000             0.00000000
     38.64000000             0.08573515             0.00000000             0.00000000             0.00000000             0.01816509             0.00000000             0.00000000
     16.78000000             0.18272105             0.00000000             0.00000000             0.00000000             0.04128866             0.00000000             0.00000000
      7.54100000             0.30581607             0.00000000             0.00000000             0.00000000             0.07785370             0.00000000             0.00000000
      3.48200000             0.34061377             0.00000000             0.00000000             0.00000000             0.12124461             0.00000000             0.00000000
      1.61800000             0.17519638             1.00000000             0.00000000             0.00000000             0.10826558             0.00000000             0.00000000
      0.62700000             0.01719685             0.00000000             1.00000000             0.00000000            -0.11042044             0.00000000             0.00000000
      0.29340000            -0.00231739             0.00000000             0.00000000             1.00000000            -0.41947298             0.00000000             0.00000000
      0.13100000             0.00101674             0.00000000             0.00000000             0.00000000            -0.47230680             1.00000000             0.00000000
      0.05815000            -0.00018440             0.00000000             0.00000000             0.00000000            -0.14264815             0.00000000             1.00000000
B    P
    192.50000000             0.00000000             0.00000000             0.00013860             0.00000000             0.00000000             0.00000000
     45.64000000             0.00000000             0.00000000             0.00115415             0.00000000             0.00000000             0.00000000
     14.75000000             0.00000000             0.00000000             0.00585871             0.00000000             0.00000000             0.00000000
      5.50300000             0.00000000             0.00000000             0.02117672             0.00000000             0.00000000             0.00000000
      2.22200000             0.00000000             0.00000000             0.06266329             0.00000000             0.00000000             0.00000000
      0.95900000             1.00000000             0.00000000             0.15300773             0.00000000             0.00000000             0.00000000
      0.43140000             0.00000000             1.00000000             0.27786070             0.00000000             0.00000000             0.00000000
      0.19690000             0.00000000             0.00000000             0.35870440             1.00000000             0.00000000             0.00000000
      0.09033000             0.00000000             0.00000000             0.27980838             0.00000000             1.00000000             0.00000000
      0.04066000             0.00000000             0.00000000             0.07540139             0.00000000             0.00000000             1.00000000
B    D
      2.88600000             1.00000000             0.00000000             0.00000000             0.00000000             0.00000000
      1.26700000             0.00000000             1.00000000             0.00000000             0.00000000             0.00000000
      0.55600000             0.00000000             0.00000000             1.00000000             0.00000000             0.00000000
      0.24400000             0.00000000             0.00000000             0.00000000             1.00000000             0.00000000
      0.10700000             0.00000000             0.00000000             0.00000000             0.00000000             1.00000000
B    F
      1.65100000             1.00000000             0.00000000             0.00000000             0.00000000
      0.80020000             0.00000000             1.00000000             0.00000000             0.00000000
      0.38780000             0.00000000             0.00000000             1.00000000             0.00000000
      0.18800000             0.00000000             0.00000000             0.00000000             1.00000000
B    G
      1.64690000             1.00000000             0.00000000             0.00000000
      0.78890000             0.00000000             1.00000000             0.00000000
      0.37790000             0.00000000             0.00000000             1.00000000
B    H
      1.31200000             1.00000000             0.00000000
      0.58060000             0.00000000             1.00000000
B    I
      0.98470000             1.00000000
END
