BASIS "ao basis" SPHERICAL PRINT
#BASIS SET: (12s,6p,3d,2f,1g) -> [5s,4p,3d,2f,1g]
B    S
  23870.00000000             0.00012953             0.00000000             0.00000000             0.00002614             0.00000000
   3575.00000000             0.00075868             0.00000000             0.00000000             0.00015386             0.00000000
    812.80000000             0.00370593             0.00000000             0.00000000             0.00074738             0.00000000
    229.70000000             0.01509675             0.00000000             0.00000000             0.00309598             0.00000000
     74.69000000             0.05162937             0.00000000             0.00000000             0.01062975             0.00000000
     26.81000000             0.14348612             0.00000000             0.00000000             0.03142941             0.00000000
     10.32000000             0.30098716             0.00000000             0.00000000             0.07106602             0.00000000
      4.17800000             0.40334403             0.00000000             0.00000000             0.13214263             0.00000000
      1.72700000             0.22514369             0.00000000             0.00000000             0.12287507             0.00000000
      0.47040000             0.01538985             1.00000000             0.00000000            -0.26223619             0.00000000
      0.18960000            -0.00395191             0.00000000             1.00000000            -0.58664971             0.00000000
      0.07394000             0.00112370             0.00000000             0.00000000            -0.29007067             1.00000000
B    P
     22.26000000             0.00000000             0.00511199             0.00000000             0.00000000
      5.05800000             0.00000000             0.03320976             0.00000000             0.00000000
      1.48700000             0.00000000             0.13230941             0.00000000             0.00000000
      0.50710000             1.00000000             0.33164984             0.00000000             0.00000000
      0.18120000             0.00000000             0.47200948             1.00000000             0.00000000
      0.06463000             0.00000000             0.25825005             0.00000000             1.00000000
B    D
      1.11000000             1.00000000             0.00000000             0.00000000
      0.40200000             0.00000000             1.00000000             0.00000000
      0.14500000             0.00000000             0.00000000             1.00000000
B    F
      0.88200000             1.00000000             0.00000000
      0.31100000             0.00000000             1.00000000
B    G
      0.67300000             1.00000000
END
