BASIS "ao basis" SPHERICAL PRINT
#BASIS SET: (15s,9p,5d,4f,3g,2h) -> [7s,6p,5d,4f,3g,2h]
B    S
  68260.00000000             0.00004475             0.00000000             0.00000000             0.00000000             0.00000904             0.00000000             0.00000000
  10230.00000000             0.00022891             0.00000000             0.00000000             0.00000000             0.00004633             0.00000000             0.00000000
   2328.00000000             0.00104204             0.00000000             0.00000000             0.00000000             0.00021028             0.00000000             0.00000000
    660.40000000             0.00415417             0.00000000             0.00000000             0.00000000             0.00084467             0.00000000             0.00000000
    216.20000000             0.01453468             0.00000000             0.00000000             0.00000000             0.00295278             0.00000000             0.00000000
     78.60000000             0.04407393             0.00000000             0.00000000             0.00000000             0.00918067             0.00000000             0.00000000
     30.98000000             0.11323171             0.00000000             0.00000000             0.00000000             0.02416085             0.00000000             0.00000000
     12.96000000             0.23391249             0.00000000             0.00000000             0.00000000             0.05481229             0.00000000             0.00000000
      5.65900000             0.35386640             0.00000000             0.00000000             0.00000000             0.09697994             0.00000000             0.00000000
      2.55600000             0.30133145             0.00000000             0.00000000             0.00000000             0.13744157             0.00000000             0.00000000
      1.17500000             0.08743827             1.00000000             0.00000000             0.00000000             0.04436248             0.00000000             0.00000000
      0.42490000             0.00281138             0.00000000             1.00000000             0.00000000            -0.32471042             0.00000000             0.00000000
      0.17120000             0.00004442             0.00000000             0.00000000             1.00000000            -0.57037015             0.00000000             0.00000000
      0.06913000             0.00007796             0.00000000             0.00000000             0.00000000            -0.24303653             1.00000000             0.00000000
      0.0261000              0.00000000             0.00000000             0.00000000             0.00000000             0.00000000             0.00000000             1.00000000
B    P
     66.44000000             0.00000000             0.00000000             0.00084680             0.00000000             0.00000000             0.00000000
     15.71000000             0.00000000             0.00000000             0.00642014             0.00000000             0.00000000             0.00000000
      4.93600000             0.00000000             0.00000000             0.02808813             0.00000000             0.00000000             0.00000000
      1.77000000             0.00000000             0.00000000             0.09213618             0.00000000             0.00000000             0.00000000
      0.70080000             1.00000000             0.00000000             0.22413262             0.00000000             0.00000000             0.00000000
      0.29010000             0.00000000             1.00000000             0.36965324             0.00000000             0.00000000             0.00000000
      0.12110000             0.00000000             0.00000000             0.37464864             1.00000000             0.00000000             0.00000000
      0.04973000             0.00000000             0.00000000             0.13923018             0.00000000             1.00000000             0.00000000
      0.0157000              0.00000000             0.00000000             0.00000000             0.00000000             0.00000000             1.00000000
B    D
      2.01000000             1.00000000             0.00000000             0.00000000             0.00000000             0.00000000
      0.79600000             0.00000000             1.00000000             0.00000000             0.00000000             0.00000000
      0.31600000             0.00000000             0.00000000             1.00000000             0.00000000             0.00000000
      0.12500000             0.00000000             0.00000000             0.00000000             1.00000000             0.00000000
      0.0431000              0.00000000             0.00000000             0.00000000             0.00000000             1.00000000
B    F
      1.21500000             1.00000000             0.00000000             0.00000000             0.00000000
      0.52500000             0.00000000             1.00000000             0.00000000             0.00000000
      0.22700000             0.00000000             0.00000000             1.00000000             0.00000000
      0.0843000              0.00000000             0.00000000             0.00000000             1.00000000
B    G
      1.12400000             1.00000000             0.00000000             0.00000000
      0.46100000             0.00000000             1.00000000             0.00000000
      0.2020000              0.00000000             0.00000000             1.00000000
B    H
      0.83400000             1.00000000             0.00000000
      0.3840000              0.00000000             1.00000000
END
