BASIS "ao basis" SPHERICAL PRINT
#BASIS SET: (9s,4p,1d) -> [3s,2p,1d]
B    S
   4570.00000000             0.00079658             0.00015976             0.00000000
    685.90000000             0.00548233             0.00112433             0.00000000
    156.50000000             0.02733276             0.00548763             0.00000000
     44.47000000             0.10160893             0.02198232             0.00000000
     14.48000000             0.27218913             0.05980474             0.00000000
      5.13100000             0.44825460             0.13881006             0.00000000
      1.89800000             0.28988182             0.13120871             0.00000000
      0.33290000             0.01430545            -0.53993174             0.00000000
      0.10430000            -0.00348120            -0.58031676             1.00000000
B    P
      6.00100000             0.03550874             0.00000000
      1.24100000             0.19804616             0.00000000
      0.33640000             0.50522035             0.00000000
      0.09538000             0.47952092             1.00000000
B    D
      0.34300000             1.00000000
END
