BASIS "ao basis" SPHERICAL PRINT
#BASIS SET: (16s,10p,5d,4f,3g,2h,1i) -> [7s,6p,5d,4f,3g,2h,1i]
C    S
 312100.00000000             0.00001761             0.00000000             0.00000000             0.00000000             0.00000376             0.00000000             0.00000000
  46740.00000000             0.00007343             0.00000000             0.00000000             0.00000000             0.00001566             0.00000000             0.00000000
  10640.00000000             0.00029144             0.00000000             0.00000000             0.00000000             0.00006223             0.00000000             0.00000000
   3013.00000000             0.00107209             0.00000000             0.00000000             0.00000000             0.00022869             0.00000000             0.00000000
    982.80000000             0.00368033             0.00000000             0.00000000             0.00000000             0.00078862             0.00000000             0.00000000
    354.80000000             0.01161462             0.00000000             0.00000000             0.00000000             0.00249502             0.00000000             0.00000000
    138.40000000             0.03322540             0.00000000             0.00000000             0.00000000             0.00725977             0.00000000             0.00000000
     57.35000000             0.08430549             0.00000000             0.00000000             0.00000000             0.01888449             0.00000000             0.00000000
     24.92000000             0.18086017             0.00000000             0.00000000             0.00000000             0.04334095             0.00000000             0.00000000
     11.23000000             0.30488781             0.00000000             0.00000000             0.00000000             0.08266352             0.00000000             0.00000000
      5.20100000             0.34113480             0.00000000             0.00000000             0.00000000             0.12858119             0.00000000             0.00000000
      2.42600000             0.17694069             1.00000000             0.00000000             0.00000000             0.10733573             0.00000000             0.00000000
      0.96730000             0.01888817             0.00000000             1.00000000             0.00000000            -0.12450251             0.00000000             0.00000000
      0.44560000            -0.00170801             0.00000000             0.00000000             1.00000000            -0.42875444             0.00000000             0.00000000
      0.19710000             0.00103436             0.00000000             0.00000000             0.00000000            -0.46092569             1.00000000             0.00000000
      0.08635000            -0.00015159             0.00000000             0.00000000             0.00000000            -0.13724638             0.00000000             1.00000000
C    P
    295.20000000             0.00000000             0.00000000             0.00014849             0.00000000             0.00000000             0.00000000
     69.98000000             0.00000000             0.00000000             0.00123177             0.00000000             0.00000000             0.00000000
     22.64000000             0.00000000             0.00000000             0.00635851             0.00000000             0.00000000             0.00000000
      8.48500000             0.00000000             0.00000000             0.02354318             0.00000000             0.00000000             0.00000000
      3.45900000             0.00000000             0.00000000             0.06992819             0.00000000             0.00000000             0.00000000
      1.50400000             1.00000000             0.00000000             0.16545806             0.00000000             0.00000000             0.00000000
      0.67830000             0.00000000             1.00000000             0.28703535             0.00000000             0.00000000             0.00000000
      0.30870000             0.00000000             0.00000000             0.35271610             1.00000000             0.00000000             0.00000000
      0.14000000             0.00000000             0.00000000             0.26544801             0.00000000             1.00000000             0.00000000
      0.06178000             0.00000000             0.00000000             0.07180037             0.00000000             0.00000000             1.00000000
C    D
      4.54200000             1.00000000             0.00000000             0.00000000             0.00000000             0.00000000
      1.97900000             0.00000000             1.00000000             0.00000000             0.00000000             0.00000000
      0.86210000             0.00000000             0.00000000             1.00000000             0.00000000             0.00000000
      0.37560000             0.00000000             0.00000000             0.00000000             1.00000000             0.00000000
      0.16360000             0.00000000             0.00000000             0.00000000             0.00000000             1.00000000
C    F
      2.63100000             1.00000000             0.00000000             0.00000000             0.00000000
      1.25500000             0.00000000             1.00000000             0.00000000             0.00000000
      0.59880000             0.00000000             0.00000000             1.00000000             0.00000000
      0.28570000             0.00000000             0.00000000             0.00000000             1.00000000
C    G
      2.65200000             1.00000000             0.00000000             0.00000000
      1.20400000             0.00000000             1.00000000             0.00000000
      0.54700000             0.00000000             0.00000000             1.00000000
C    H
      2.03000000             1.00000000             0.00000000
      0.85110000             0.00000000             1.00000000
C    I
      1.49100000             1.00000000
END
