BASIS "ao basis" SPHERICAL PRINT
#BASIS SET: (10s,5p,2d,1f) -> [4s,3p,2d,1f]
C    S
   8236.00000000             0.00065405             0.00000000             0.00013955             0.00000000
   1235.00000000             0.00428392             0.00000000             0.00091676             0.00000000
    280.80000000             0.02135470             0.00000000             0.00460264             0.00000000
     79.27000000             0.08218864             0.00000000             0.01822959             0.00000000
     25.59000000             0.23506949             0.00000000             0.05587115             0.00000000
      8.99700000             0.43426201             0.00000000             0.12699297             0.00000000
      3.31900000             0.34573051             0.00000000             0.17011618             0.00000000
      0.90590000             0.03930768             1.00000000            -0.14101245             0.00000000
      0.36430000            -0.00896470             0.00000000            -0.59868036             0.00000000
      0.12850000             0.00238082             0.00000000            -0.39483870             1.00000000
C    P
     18.71000000             0.00000000             0.01407312             0.00000000
      4.13300000             0.00000000             0.08690021             0.00000000
      1.20000000             0.00000000             0.29018054             0.00000000
      0.38270000             1.00000000             0.50092973             0.00000000
      0.12090000             0.00000000             0.34351389             1.00000000
C    D
      1.09700000             1.00000000             0.00000000
      0.31800000             0.00000000             1.00000000
C    F
      0.76100000             1.00000000
END
