BASIS "ao basis" SPHERICAL PRINT
#BASIS SET: (10s,5p,1d) -> [4s,3p,1d]
C    S
   6665.00000000             0.00082910             0.00000000             0.00017548             0.00000000
   1000.00000000             0.00551875             0.00000000             0.00119636             0.00000000
    228.00000000             0.02736546             0.00000000             0.00579357             0.00000000
     64.71000000             0.10205995             0.00000000             0.02341792             0.00000000
     21.06000000             0.27494600             0.00000000             0.06404927             0.00000000
      7.49500000             0.44834152             0.00000000             0.15009860             0.00000000
      4.5300000              0.00000000             1.00000000             0.00000000             0.00000000
      2.79700000             0.28471291             0.00000000             0.12683033             0.00000000
      0.52150000             0.01517620             0.00000000            -0.54516139             0.00000000
      0.15960000            -0.00318481             0.00000000            -0.57977835             1.00000000
C    P
     14.5570000              1.00000000             0.00000000             0.00000000
      9.43900000             0.00000000             0.03816427             0.00000000
      2.00200000             0.00000000             0.20948639             0.00000000
      0.54560000             0.00000000             0.50848695             0.00000000
      0.15170000             0.00000000             0.46890167             1.00000000
C    D
      0.55000000             1.00000000
END
