BASIS "ao basis" SPHERICAL PRINT
#BASIS SET: (15s,9p,5d,3f,1g) -> [8s,7p,5d,3f,1g]
C    S
  33980.00000000             0.00000000             0.00000000             0.00014435             0.00000000             0.00000000             0.00000000             0.00003075             0.00000000
   5089.00000000             0.00000000             0.00000000             0.00080519             0.00000000             0.00000000             0.00000000             0.00017237             0.00000000
   1157.00000000             0.00000000             0.00000000             0.00384851             0.00000000             0.00000000             0.00000000             0.00081944             0.00000000
    326.60000000             0.00000000             0.00000000             0.01557754             0.00000000             0.00000000             0.00000000             0.00337457             0.00000000
    106.10000000             0.00000000             0.00000000             0.05321732             0.00000000             0.00000000             0.00000000             0.01158789             0.00000000
     53.0730000              1.00000000             0.00000000             0.00000000             0.00000000             0.00000000             0.00000000             0.00000000             0.00000000
     38.11000000             0.00000000             0.00000000             0.14731862             0.00000000             0.00000000             0.00000000             0.03426302             0.00000000
     19.5700000              0.00000000             1.00000000             0.00000000             0.00000000             0.00000000             0.00000000             0.00000000             0.00000000
     14.75000000             0.00000000             0.00000000             0.30570635             0.00000000             0.00000000             0.00000000             0.07725765             0.00000000
      7.2160000              0.00000000             0.00000000             0.00000000             1.00000000             0.00000000             0.00000000             0.00000000             0.00000000
      6.03500000             0.00000000             0.00000000             0.39906831             0.00000000             0.00000000             0.00000000             0.14154335             0.00000000
      2.53000000             0.00000000             0.00000000             0.21676254             0.00000000             0.00000000             0.00000000             0.11768305             0.00000000
      0.73550000             0.00000000             0.00000000             0.01586664             0.00000000             1.00000000             0.00000000            -0.27438776             0.00000000
      0.29050000             0.00000000             0.00000000            -0.00307935             0.00000000             0.00000000             1.00000000            -0.58641546             0.00000000
      0.11110000             0.00000000             0.00000000             0.00097660             0.00000000             0.00000000             0.00000000            -0.28489494             1.00000000
C    P
     71.4940000              1.00000000             0.00000000             0.00000000             0.00000000             0.00000000             0.00000000             0.00000000
     34.51000000             0.00000000             0.00000000             0.00000000             0.00000000             0.00540825             0.00000000             0.00000000
     24.1860000              0.00000000             1.00000000             0.00000000             0.00000000             0.00000000             0.00000000             0.00000000
      8.1820000              0.00000000             0.00000000             1.00000000             0.00000000             0.00000000             0.00000000             0.00000000
      7.91500000             0.00000000             0.00000000             0.00000000             0.00000000             0.03616443             0.00000000             0.00000000
      2.36800000             0.00000000             0.00000000             0.00000000             0.00000000             0.14251903             0.00000000             0.00000000
      0.81320000             0.00000000             0.00000000             0.00000000             1.00000000             0.34206523             0.00000000             0.00000000
      0.28900000             0.00000000             0.00000000             0.00000000             0.00000000             0.46380436             1.00000000             0.00000000
      0.10070000             0.00000000             0.00000000             0.00000000             0.00000000             0.25017461             0.00000000             1.00000000
C    D
     33.2130000              1.00000000             0.00000000             0.00000000             0.00000000             0.00000000
      8.6560000              0.00000000             1.00000000             0.00000000             0.00000000             0.00000000
      1.84800000             0.00000000             0.00000000             1.00000000             0.00000000             0.00000000
      0.64900000             0.00000000             0.00000000             0.00000000             1.00000000             0.00000000
      0.22800000             0.00000000             0.00000000             0.00000000             0.00000000             1.00000000
C    F
     24.6940000              1.00000000             0.00000000             0.00000000
      1.41900000             0.00000000             1.00000000             0.00000000
      0.48500000             0.00000000             0.00000000             1.00000000
C    G
      1.01100000             1.00000000
END
