BASIS "ao basis" SPHERICAL PRINT
#BASIS SET: (15s,9p,5d,4f,3g,2h) -> [7s,6p,5d,4f,3g,2h]
C    S
  96770.00000000             0.00005144             0.00000000             0.00000000             0.00000000             0.00001097             0.00000000             0.00000000
  14500.00000000             0.00025005             0.00000000             0.00000000             0.00000000             0.00005341             0.00000000             0.00000000
   3300.00000000             0.00110309             0.00000000             0.00000000             0.00000000             0.00023509             0.00000000             0.00000000
    935.80000000             0.00432801             0.00000000             0.00000000             0.00000000             0.00092868             0.00000000             0.00000000
    306.20000000             0.01505964             0.00000000             0.00000000             0.00000000             0.00323414             0.00000000             0.00000000
    111.30000000             0.04555776             0.00000000             0.00000000             0.00000000             0.01002870             0.00000000             0.00000000
     43.90000000             0.11676469             0.00000000             0.00000000             0.00000000             0.02646317             0.00000000             0.00000000
     18.40000000             0.24037872             0.00000000             0.00000000             0.00000000             0.06009359             0.00000000             0.00000000
      8.05400000             0.35864672             0.00000000             0.00000000             0.00000000             0.10687456             0.00000000             0.00000000
      3.63700000             0.29361801             0.00000000             0.00000000             0.00000000             0.14407361             0.00000000             0.00000000
      1.65600000             0.07754794             1.00000000             0.00000000             0.00000000             0.02427802             0.00000000             0.00000000
      0.63330000             0.00232615             0.00000000             1.00000000             0.00000000            -0.34946343             0.00000000             0.00000000
      0.25450000             0.00050607             0.00000000             0.00000000             1.00000000            -0.55859068             0.00000000             0.00000000
      0.10190000             0.00003030             0.00000000             0.00000000             0.00000000            -0.22760282             1.00000000             0.00000000
      0.0394000              0.00000000             0.00000000             0.00000000             0.00000000             0.00000000             0.00000000             1.00000000
C    P
    101.80000000             0.00000000             0.00000000             0.00090556             0.00000000             0.00000000             0.00000000
     24.04000000             0.00000000             0.00000000             0.00699894             0.00000000             0.00000000             0.00000000
      7.57100000             0.00000000             0.00000000             0.03169970             0.00000000             0.00000000             0.00000000
      2.73200000             0.00000000             0.00000000             0.10402625             0.00000000             0.00000000             0.00000000
      1.08500000             1.00000000             0.00000000             0.24160960             0.00000000             0.00000000             0.00000000
      0.44960000             0.00000000             1.00000000             0.37182305             0.00000000             0.00000000             0.00000000
      0.18760000             0.00000000             0.00000000             0.35425821             1.00000000             0.00000000             0.00000000
      0.07606000             0.00000000             0.00000000             0.13166922             0.00000000             1.00000000             0.00000000
      0.0272000              0.00000000             0.00000000             0.00000000             0.00000000             0.00000000             1.00000000
C    D
      3.13400000             1.00000000             0.00000000             0.00000000             0.00000000             0.00000000
      1.23300000             0.00000000             1.00000000             0.00000000             0.00000000             0.00000000
      0.48500000             0.00000000             0.00000000             1.00000000             0.00000000             0.00000000
      0.19100000             0.00000000             0.00000000             0.00000000             1.00000000             0.00000000
      0.0701000              0.00000000             0.00000000             0.00000000             0.00000000             1.00000000
C    F
      2.00600000             1.00000000             0.00000000             0.00000000             0.00000000
      0.83800000             0.00000000             1.00000000             0.00000000             0.00000000
      0.35000000             0.00000000             0.00000000             1.00000000             0.00000000
      0.1380000              0.00000000             0.00000000             0.00000000             1.00000000
C    G
      1.75300000             1.00000000             0.00000000             0.00000000
      0.67800000             0.00000000             1.00000000             0.00000000
      0.3190000              0.00000000             0.00000000             1.00000000
C    H
      1.25900000             1.00000000             0.00000000
      0.5860000              0.00000000             1.00000000
END
