BASIS "ao basis" SPHERICAL PRINT
#BASIS SET: (14s,8p,4d,3f,2g,1h) -> [6s,5p,4d,3f,2g,1h]
F    S
 211400.00000000             0.00007249             0.00000000             0.00000000             0.00001682             0.00000000             0.00000000
  31660.00000000             0.00031293             0.00000000             0.00000000             0.00007267             0.00000000             0.00000000
   7202.00000000             0.00127606             0.00000000             0.00000000             0.00029617             0.00000000             0.00000000
   2040.00000000             0.00476833             0.00000000             0.00000000             0.00111250             0.00000000             0.00000000
    666.40000000             0.01623635             0.00000000             0.00000000             0.00380435             0.00000000             0.00000000
    242.00000000             0.04871873             0.00000000             0.00000000             0.01169106             0.00000000             0.00000000
     95.53000000             0.12385347             0.00000000             0.00000000             0.03090306             0.00000000             0.00000000
     40.23000000             0.25181735             0.00000000             0.00000000             0.06982482             0.00000000             0.00000000
     17.72000000             0.36411070             0.00000000             0.00000000             0.12411231             0.00000000             0.00000000
      8.00500000             0.27898925             0.00000000             0.00000000             0.14982838             0.00000000             0.00000000
      3.53800000             0.06330040             1.00000000             0.00000000            -0.01748245             0.00000000             0.00000000
      1.45800000             0.00110744             0.00000000             1.00000000            -0.39345892             0.00000000             0.00000000
      0.58870000             0.00125275             0.00000000             0.00000000            -0.53162505             1.00000000             0.00000000
      0.23240000            -0.00003444             0.00000000             0.00000000            -0.19544879             0.00000000             1.00000000
F    P
    241.90000000             0.00000000             0.00000000             0.00104010             0.00000000             0.00000000
     57.17000000             0.00000000             0.00000000             0.00812767             0.00000000             0.00000000
     18.13000000             0.00000000             0.00000000             0.03817276             0.00000000             0.00000000
      6.62400000             0.00000000             0.00000000             0.12390475             0.00000000             0.00000000
      2.62200000             1.00000000             0.00000000             0.26610687             0.00000000             0.00000000
      1.05700000             0.00000000             1.00000000             0.37185457             0.00000000             0.00000000
      0.41760000             0.00000000             0.00000000             0.33228411             1.00000000             0.00000000
      0.15740000             0.00000000             0.00000000             0.12902357             0.00000000             1.00000000
F    D
      7.76000000             1.00000000             0.00000000             0.00000000             0.00000000
      3.03200000             0.00000000             1.00000000             0.00000000             0.00000000
      1.18500000             0.00000000             0.00000000             1.00000000             0.00000000
      0.46300000             0.00000000             0.00000000             0.00000000             1.00000000
F    F
      5.39800000             1.00000000             0.00000000             0.00000000
      2.07800000             0.00000000             1.00000000             0.00000000
      0.80000000             0.00000000             0.00000000             1.00000000
F    G
      4.33800000             1.00000000             0.00000000
      1.51300000             0.00000000             1.00000000
F    H
      2.99500000             1.00000000
END
