BASIS "ao basis" SPHERICAL PRINT
#BASIS SET: (16s,10p,5d,4f,3g,2h,1i) -> [7s,6p,5d,4f,3g,2h,1i]
F    S
 723500.00000000             0.00002504             0.00000000             0.00000000             0.00000000             0.00000581             0.00000000             0.00000000
 108400.00000000             0.00009300             0.00000000             0.00000000             0.00000000             0.00002157             0.00000000             0.00000000
  24680.00000000             0.00033675             0.00000000             0.00000000             0.00000000             0.00007821             0.00000000             0.00000000
   6990.00000000             0.00115160             0.00000000             0.00000000             0.00000000             0.00026730             0.00000000             0.00000000
   2282.00000000             0.00376002             0.00000000             0.00000000             0.00000000             0.00087679             0.00000000             0.00000000
    824.60000000             0.01158257             0.00000000             0.00000000             0.00000000             0.00270874             0.00000000             0.00000000
    321.80000000             0.03285231             0.00000000             0.00000000             0.00000000             0.00782125             0.00000000             0.00000000
    133.50000000             0.08339341             0.00000000             0.00000000             0.00000000             0.02039508             0.00000000             0.00000000
     58.11000000             0.18034377             0.00000000             0.00000000             0.00000000             0.04743640             0.00000000             0.00000000
     26.28000000             0.30554154             0.00000000             0.00000000             0.00000000             0.09176916             0.00000000             0.00000000
     12.24000000             0.33959868             0.00000000             0.00000000             0.00000000             0.14046706             0.00000000             0.00000000
      5.74700000             0.17610091             1.00000000             0.00000000             0.00000000             0.10293109             0.00000000             0.00000000
      2.36500000             0.02076742             0.00000000             1.00000000             0.00000000            -0.15390603             0.00000000             0.00000000
      1.07100000            -0.00074817             0.00000000             0.00000000             1.00000000            -0.44658847             0.00000000             0.00000000
      0.46810000             0.00106951             0.00000000             0.00000000             0.00000000            -0.43728810             1.00000000             0.00000000
      0.19940000            -0.00007873             0.00000000             0.00000000             0.00000000            -0.12367013             0.00000000             1.00000000
F    P
    660.00000000             0.00000000             0.00000000             0.00019380             0.00000000             0.00000000             0.00000000
    156.40000000             0.00000000             0.00000000             0.00156158             0.00000000             0.00000000             0.00000000
     50.64000000             0.00000000             0.00000000             0.00814272             0.00000000             0.00000000             0.00000000
     19.08000000             0.00000000             0.00000000             0.03084378             0.00000000             0.00000000             0.00000000
      7.87200000             0.00000000             0.00000000             0.09023285             0.00000000             0.00000000             0.00000000
      3.44900000             1.00000000             0.00000000             0.19536159             0.00000000             0.00000000             0.00000000
      1.54500000             0.00000000             1.00000000             0.30111019             0.00000000             0.00000000             0.00000000
      0.68640000             0.00000000             0.00000000             0.33309144             1.00000000             0.00000000             0.00000000
      0.29860000             0.00000000             0.00000000             0.24064937             0.00000000             1.00000000             0.00000000
      0.12450000             0.00000000             0.00000000             0.07031048             0.00000000             0.00000000             1.00000000
F    D
     10.57300000             1.00000000             0.00000000             0.00000000             0.00000000             0.00000000
      4.61300000             0.00000000             1.00000000             0.00000000             0.00000000             0.00000000
      2.01300000             0.00000000             0.00000000             1.00000000             0.00000000             0.00000000
      0.87800000             0.00000000             0.00000000             0.00000000             1.00000000             0.00000000
      0.38300000             0.00000000             0.00000000             0.00000000             0.00000000             1.00000000
F    F
      7.56300000             1.00000000             0.00000000             0.00000000             0.00000000
      3.33000000             0.00000000             1.00000000             0.00000000             0.00000000
      1.46600000             0.00000000             0.00000000             1.00000000             0.00000000
      0.64500000             0.00000000             0.00000000             0.00000000             1.00000000
F    G
      6.73500000             1.00000000             0.00000000             0.00000000
      2.78300000             0.00000000             1.00000000             0.00000000
      1.15000000             0.00000000             0.00000000             1.00000000
F    H
      5.08800000             1.00000000             0.00000000
      1.93700000             0.00000000             1.00000000
F    I
      3.58100000             1.00000000
END
