BASIS "ao basis" SPHERICAL PRINT
#BASIS SET: (13s,8p,4d,2f) -> [7s,6p,4d,2f]
F    S
  19500.00000000             0.00000000             0.00073255             0.00000000             0.00000000             0.00016991             0.00000000             0.00000000
   2923.00000000             0.00000000             0.00431612             0.00000000             0.00000000             0.00100604             0.00000000             0.00000000
    664.50000000             0.00000000             0.02080498             0.00000000             0.00000000             0.00487229             0.00000000             0.00000000
    187.50000000             0.00000000             0.07979678             0.00000000             0.00000000             0.01933337             0.00000000             0.00000000
     60.62000000             0.00000000             0.23107815             0.00000000             0.00000000             0.05995903             0.00000000             0.00000000
     25.9430000              1.00000000             0.00000000             0.00000000             0.00000000             0.00000000             0.00000000             0.00000000
     21.42000000             0.00000000             0.43257835             0.00000000             0.00000000             0.14027541             0.00000000             0.00000000
      9.8120000              0.00000000             0.00000000             1.00000000             0.00000000             0.00000000             0.00000000             0.00000000
      7.95000000             0.00000000             0.34899353             0.00000000             0.00000000             0.17610820             0.00000000             0.00000000
      2.25700000             0.00000000             0.04304935             0.00000000             1.00000000            -0.17313499             0.00000000             0.00000000
      0.88150000             0.00000000            -0.00785218             0.00000000             0.00000000            -0.60499562             0.00000000             0.00000000
      0.30410000             0.00000000             0.00237270             0.00000000             0.00000000            -0.36817815             1.00000000             0.00000000
      0.0915800              0.00000000             0.00000000             0.00000000             0.00000000             0.00000000             0.00000000             1.00000000
F    P
     71.3480000              1.00000000             0.00000000             0.00000000             0.00000000             0.00000000             0.00000000
     43.88000000             0.00000000             0.00000000             0.00000000             0.01680249             0.00000000             0.00000000
     18.7560000              0.00000000             1.00000000             0.00000000             0.00000000             0.00000000             0.00000000
      9.92600000             0.00000000             0.00000000             0.00000000             0.10462250             0.00000000             0.00000000
      2.93000000             0.00000000             0.00000000             0.00000000             0.31740410             0.00000000             0.00000000
      0.91320000             0.00000000             0.00000000             1.00000000             0.48712585             0.00000000             0.00000000
      0.26720000             0.00000000             0.00000000             0.00000000             0.33460709             1.00000000             0.00000000
      0.0736100              0.00000000             0.00000000             0.00000000             0.00000000             0.00000000             1.00000000
F    D
     19.1080000              1.00000000             0.00000000             0.00000000             0.00000000
      3.10700000             0.00000000             1.00000000             0.00000000             0.00000000
      0.85500000             0.00000000             0.00000000             1.00000000             0.00000000
      0.2920000              0.00000000             0.00000000             0.00000000             1.00000000
F    F
      1.91700000             1.00000000             0.00000000
      0.7240000              0.00000000             1.00000000
END
