BASIS "ao basis" SPHERICAL PRINT
#BASIS SET: (12s,6p,3d,2f,1g) -> [5s,4p,3d,2f,1g]
F    S
  74530.00000000             0.00019053             0.00000000             0.00000000             0.00004416             0.00000000
  11170.00000000             0.00094454             0.00000000             0.00000000             0.00021993             0.00000000
   2543.00000000             0.00421306             0.00000000             0.00000000             0.00097643             0.00000000
    721.00000000             0.01643001             0.00000000             0.00000000             0.00387718             0.00000000
    235.90000000             0.05496114             0.00000000             0.00000000             0.01305842             0.00000000
     85.60000000             0.15017287             0.00000000             0.00000000             0.03833671             0.00000000
     33.55000000             0.30843769             0.00000000             0.00000000             0.08647589             0.00000000
     13.93000000             0.39418523             0.00000000             0.00000000             0.15595567             0.00000000
      5.91500000             0.21034531             0.00000000             0.00000000             0.10999101             0.00000000
      1.84300000             0.01707794             1.00000000             0.00000000            -0.30012272             0.00000000
      0.71240000            -0.00200527             0.00000000             1.00000000            -0.58467644             0.00000000
      0.26370000             0.00086544             0.00000000             0.00000000            -0.26994020             1.00000000
F    P
     80.39000000             0.00000000             0.00643679             0.00000000             0.00000000
     18.63000000             0.00000000             0.04434529             0.00000000             0.00000000
      5.69400000             0.00000000             0.16863569             0.00000000             0.00000000
      1.95300000             1.00000000             0.36168784             0.00000000             0.00000000
      0.67020000             0.00000000             0.44178239             1.00000000             0.00000000
      0.21660000             0.00000000             0.24363286             0.00000000             1.00000000
F    D
      5.01400000             1.00000000             0.00000000             0.00000000
      1.72500000             0.00000000             1.00000000             0.00000000
      0.58600000             0.00000000             0.00000000             1.00000000
F    F
      3.56200000             1.00000000             0.00000000
      1.14800000             0.00000000             1.00000000
F    G
      2.37600000             1.00000000
END
