BASIS "ao basis" SPHERICAL PRINT
#BASIS SET: (10s,5p,1d) -> [4s,3p,1d]
F    S
  14710.00000000             0.00098724             0.00000000             0.00022744             0.00000000
   2207.00000000             0.00599446             0.00000000             0.00141475             0.00000000
    502.80000000             0.02893841             0.00000000             0.00666980             0.00000000
    142.60000000             0.10726123             0.00000000             0.02697139             0.00000000
     46.47000000             0.28730205             0.00000000             0.07396549             0.00000000
     16.70000000             0.44806838             0.00000000             0.17103200             0.00000000
     10.4260000              0.00000000             1.00000000             0.00000000             0.00000000
      6.35600000             0.26392698             0.00000000             0.11116738             0.00000000
      1.31600000             0.01526691             0.00000000            -0.56428323             0.00000000
      0.38970000            -0.00232010             0.00000000            -0.56701996             1.00000000
F    P
     32.8300000              1.00000000             0.00000000             0.00000000
     22.67000000             0.00000000             0.04506920             0.00000000
      4.97700000             0.00000000             0.23587890             0.00000000
      1.34700000             0.00000000             0.50841412             0.00000000
      0.34710000             0.00000000             0.45805304             1.00000000
F    D
      1.64000000             1.00000000
END
