BASIS "ao basis" SPHERICAL PRINT
#BASIS SET: (7s,4p,3d,2f) -> [5s,4p,3d,2f]
H    S
     82.64000000             0.00000000             0.00000000             0.00201306             0.00000000             0.00000000
     12.41000000             0.00000000             0.00000000             0.01535048             0.00000000             0.00000000
      2.82400000             0.00000000             0.00000000             0.07559140             0.00000000             0.00000000
      0.79770000             1.00000000             0.00000000             0.25688545             0.00000000             0.00000000
      0.25810000             0.00000000             1.00000000             0.49736244             0.00000000             0.00000000
      0.08989000             0.00000000             0.00000000             0.29611847             1.00000000             0.00000000
      0.0236300              0.00000000             0.00000000             0.00000000             0.00000000             1.00000000
H    P
      2.29200000             1.00000000             0.00000000             0.00000000             0.00000000
      0.83800000             0.00000000             1.00000000             0.00000000             0.00000000
      0.29200000             0.00000000             0.00000000             1.00000000             0.00000000
      0.0848000              0.00000000             0.00000000             0.00000000             1.00000000
H    D
      2.06200000             1.00000000             0.00000000             0.00000000
      0.66200000             0.00000000             1.00000000             0.00000000
      0.1900000              0.00000000             0.00000000             1.00000000
H    F
      1.39700000             1.00000000             0.00000000
      0.3600000              0.00000000             1.00000000
END
