BASIS "ao basis" SPHERICAL PRINT
#BASIS SET: (9s,5p,4d,3f,2g) -> [6s,5p,4d,3f,2g]
H    S
    402.00000000             0.00000000             0.00000000             0.00028354             0.00000000             0.00000000             0.00000000
     60.24000000             0.00000000             0.00000000             0.00216933             0.00000000             0.00000000             0.00000000
     13.73000000             0.00000000             0.00000000             0.01120811             0.00000000             0.00000000             0.00000000
      3.90500000             0.00000000             0.00000000             0.04488655             0.00000000             0.00000000             0.00000000
      1.28300000             1.00000000             0.00000000             0.14230952             0.00000000             0.00000000             0.00000000
      0.46550000             0.00000000             1.00000000             0.33098270             0.00000000             0.00000000             0.00000000
      0.18110000             0.00000000             0.00000000             0.43625788             1.00000000             0.00000000             0.00000000
      0.07279000             0.00000000             0.00000000             0.17643116             0.00000000             1.00000000             0.00000000
      0.0207000              0.00000000             0.00000000             0.00000000             0.00000000             0.00000000             1.00000000
H    P
      4.51600000             1.00000000             0.00000000             0.00000000             0.00000000             0.00000000
      1.71200000             0.00000000             1.00000000             0.00000000             0.00000000             0.00000000
      0.64900000             0.00000000             0.00000000             1.00000000             0.00000000             0.00000000
      0.24600000             0.00000000             0.00000000             0.00000000             1.00000000             0.00000000
      0.0744000              0.00000000             0.00000000             0.00000000             0.00000000             1.00000000
H    D
      2.95000000             1.00000000             0.00000000             0.00000000             0.00000000
      1.20600000             0.00000000             1.00000000             0.00000000             0.00000000
      0.49300000             0.00000000             0.00000000             1.00000000             0.00000000
      0.1560000              0.00000000             0.00000000             0.00000000             1.00000000
H    F
      2.50600000             1.00000000             0.00000000             0.00000000
      0.87500000             0.00000000             1.00000000             0.00000000
      0.2740000              0.00000000             0.00000000             1.00000000
H    G
      2.35800000             1.00000000             0.00000000
      0.5430000              0.00000000             1.00000000
END
