BASIS "ao basis" SPHERICAL PRINT
#BASIS SET: (10s,5p,4d,3f,2g,1h) -> [6s,5p,4d,3f,2g,1h]
H    S
   1776.77556000             0.00000000             0.00000000             0.00000000             0.00004685             0.00000000             0.00000000
    254.01771200             0.00000000             0.00000000             0.00000000             0.00037450             0.00000000             0.00000000
     54.69803900             0.00000000             0.00000000             0.00000000             0.00209796             0.00000000             0.00000000
     15.01834400             0.00000000             0.00000000             0.00000000             0.00886868             0.00000000             0.00000000
      4.91507800             0.00000000             0.00000000             0.00000000             0.03054748             0.00000000             0.00000000
      1.79492400             1.00000000             0.00000000             0.00000000             0.09035128             0.00000000             0.00000000
      0.71071600             0.00000000             1.00000000             0.00000000             0.21324610             0.00000000             0.00000000
      0.30480200             0.00000000             0.00000000             1.00000000             0.35234847             0.00000000             0.00000000
      0.13804600             0.00000000             0.00000000             0.00000000             0.33964530             1.00000000             0.00000000
      0.06215700             0.00000000             0.00000000             0.00000000             0.10732350             0.00000000             1.00000000
H    P
      8.64900000             1.00000000             0.00000000             0.00000000             0.00000000             0.00000000
      3.43000000             0.00000000             1.00000000             0.00000000             0.00000000             0.00000000
      1.36000000             0.00000000             0.00000000             1.00000000             0.00000000             0.00000000
      0.53900000             0.00000000             0.00000000             0.00000000             1.00000000             0.00000000
      0.21400000             0.00000000             0.00000000             0.00000000             0.00000000             1.00000000
H    D
      4.45300000             1.00000000             0.00000000             0.00000000             0.00000000
      1.95800000             0.00000000             1.00000000             0.00000000             0.00000000
      0.86100000             0.00000000             0.00000000             1.00000000             0.00000000
      0.37800000             0.00000000             0.00000000             0.00000000             1.00000000
H    F
      4.10000000             1.00000000             0.00000000             0.00000000
      1.78000000             0.00000000             1.00000000             0.00000000
      0.77300000             0.00000000             0.00000000             1.00000000
H    G
      3.19900000             1.00000000             0.00000000
      1.32600000             0.00000000             1.00000000
H    H
      2.65300000             1.00000000
END
