BASIS "ao basis" SPHERICAL PRINT
#BASIS SET: (13s,7p,4d,3f,2g) -> [6s,5p,4d,3f,2g]
N    S
  45840.00000000             0.00015921             0.00000000             0.00000000             0.00003509             0.00000000             0.00000000
   6868.00000000             0.00085037             0.00000000             0.00000000             0.00018836             0.00000000             0.00000000
   1563.00000000             0.00396194             0.00000000             0.00000000             0.00087295             0.00000000             0.00000000
    442.40000000             0.01583059             0.00000000             0.00000000             0.00355055             0.00000000             0.00000000
    144.30000000             0.05354376             0.00000000             0.00000000             0.01207445             0.00000000             0.00000000
     52.18000000             0.14717172             0.00000000             0.00000000             0.03553789             0.00000000             0.00000000
     20.34000000             0.30477320             0.00000000             0.00000000             0.08019848             0.00000000             0.00000000
      8.38100000             0.39730085             0.00000000             0.00000000             0.14678874             0.00000000             0.00000000
      3.52900000             0.21723291             0.00000000             0.00000000             0.11585043             0.00000000             0.00000000
      1.05400000             0.01692056             1.00000000             0.00000000            -0.28069101             0.00000000             0.00000000
      0.41180000            -0.00273693             0.00000000             1.00000000            -0.58529301             0.00000000             0.00000000
      0.15520000             0.00095025             0.00000000             0.00000000            -0.28336090             1.00000000             0.00000000
      0.0546400              0.00000000             0.00000000             0.00000000             0.00000000             0.00000000             1.00000000
N    P
     49.33000000             0.00000000             0.00557874             0.00000000             0.00000000             0.00000000
     11.37000000             0.00000000             0.03802434             0.00000000             0.00000000             0.00000000
      3.43500000             0.00000000             0.14908591             0.00000000             0.00000000             0.00000000
      1.18200000             1.00000000             0.34886982             0.00000000             0.00000000             0.00000000
      0.41730000             0.00000000             0.45889180             1.00000000             0.00000000             0.00000000
      0.14280000             0.00000000             0.24501689             0.00000000             1.00000000             0.00000000
      0.0440200              0.00000000             0.00000000             0.00000000             0.00000000             1.00000000
N    D
      2.83700000             1.00000000             0.00000000             0.00000000             0.00000000
      0.96800000             0.00000000             1.00000000             0.00000000             0.00000000
      0.33500000             0.00000000             0.00000000             1.00000000             0.00000000
      0.1110000              0.00000000             0.00000000             0.00000000             1.00000000
N    F
      2.02700000             1.00000000             0.00000000             0.00000000
      0.68500000             0.00000000             1.00000000             0.00000000
      0.2450000              0.00000000             0.00000000             1.00000000
N    G
      1.42700000             1.00000000             0.00000000
      0.5590000              0.00000000             1.00000000
END
