BASIS "ao basis" SPHERICAL PRINT
#BASIS SET: (19s,13p,8d,6f,4g,2h) -> [11s,10p,8d,6f,4g,2h]
N    S
 129200.00000000             0.00000000             0.00000000             0.00000000             0.00000000             0.00005867             0.00000000             0.00000000             0.00000000             0.00001294             0.00000000             0.00000000
  19350.00000000             0.00000000             0.00000000             0.00000000             0.00000000             0.00027304             0.00000000             0.00000000             0.00000000             0.00006032             0.00000000             0.00000000
   4404.00000000             0.00000000             0.00000000             0.00000000             0.00000000             0.00117172             0.00000000             0.00000000             0.00000000             0.00025851             0.00000000             0.00000000
   1248.00000000             0.00000000             0.00000000             0.00000000             0.00000000             0.00452527             0.00000000             0.00000000             0.00000000             0.00100440             0.00000000             0.00000000
    408.00000000             0.00000000             0.00000000             0.00000000             0.00000000             0.01565877             0.00000000             0.00000000             0.00000000             0.00348415             0.00000000             0.00000000
    148.20000000             0.00000000             0.00000000             0.00000000             0.00000000             0.04722485             0.00000000             0.00000000             0.00000000             0.01076593             0.00000000             0.00000000
    143.0130000              1.00000000             0.00000000             0.00000000             0.00000000             0.00000000             0.00000000             0.00000000             0.00000000             0.00000000             0.00000000             0.00000000
     63.0850000              0.00000000             1.00000000             0.00000000             0.00000000             0.00000000             0.00000000             0.00000000             0.00000000             0.00000000             0.00000000             0.00000000
     58.50000000             0.00000000             0.00000000             0.00000000             0.00000000             0.12047913             0.00000000             0.00000000             0.00000000             0.02840768             0.00000000             0.00000000
     27.8270000              0.00000000             0.00000000             1.00000000             0.00000000             0.00000000             0.00000000             0.00000000             0.00000000             0.00000000             0.00000000             0.00000000
     24.59000000             0.00000000             0.00000000             0.00000000             0.00000000             0.24587110             0.00000000             0.00000000             0.00000000             0.06415487             0.00000000             0.00000000
     12.2750000              0.00000000             0.00000000             0.00000000             1.00000000             0.00000000             0.00000000             0.00000000             0.00000000             0.00000000             0.00000000             0.00000000
     10.81000000             0.00000000             0.00000000             0.00000000             0.00000000             0.36115240             0.00000000             0.00000000             0.00000000             0.11399207             0.00000000             0.00000000
      4.88200000             0.00000000             0.00000000             0.00000000             0.00000000             0.28683041             0.00000000             0.00000000             0.00000000             0.14683068             0.00000000             0.00000000
      2.19500000             0.00000000             0.00000000             0.00000000             0.00000000             0.07001574             1.00000000             0.00000000             0.00000000             0.00667830             0.00000000             0.00000000
      0.87150000             0.00000000             0.00000000             0.00000000             0.00000000             0.00182683             0.00000000             1.00000000             0.00000000            -0.36669924             0.00000000             0.00000000
      0.35040000             0.00000000             0.00000000             0.00000000             0.00000000             0.00083299             0.00000000             0.00000000             1.00000000            -0.54765497             0.00000000             0.00000000
      0.13970000             0.00000000             0.00000000             0.00000000             0.00000000            -0.00000597             0.00000000             0.00000000             0.00000000            -0.21604116             1.00000000             0.00000000
      0.0518000              0.00000000             0.00000000             0.00000000             0.00000000             0.00000000             0.00000000             0.00000000             0.00000000             0.00000000             0.00000000             1.00000000
N    P
    173.4250000              1.00000000             0.00000000             0.00000000             0.00000000             0.00000000             0.00000000             0.00000000             0.00000000             0.00000000             0.00000000
    147.00000000             0.00000000             0.00000000             0.00000000             0.00000000             0.00000000             0.00000000             0.00091288             0.00000000             0.00000000             0.00000000
     68.6560000              0.00000000             1.00000000             0.00000000             0.00000000             0.00000000             0.00000000             0.00000000             0.00000000             0.00000000             0.00000000
     34.76000000             0.00000000             0.00000000             0.00000000             0.00000000             0.00000000             0.00000000             0.00711822             0.00000000             0.00000000             0.00000000
     27.1800000              0.00000000             0.00000000             1.00000000             0.00000000             0.00000000             0.00000000             0.00000000             0.00000000             0.00000000             0.00000000
     11.00000000             0.00000000             0.00000000             0.00000000             0.00000000             0.00000000             0.00000000             0.03287364             0.00000000             0.00000000             0.00000000
     10.7600000              0.00000000             0.00000000             0.00000000             1.00000000             0.00000000             0.00000000             0.00000000             0.00000000             0.00000000             0.00000000
      3.99500000             0.00000000             0.00000000             0.00000000             0.00000000             0.00000000             0.00000000             0.10826142             0.00000000             0.00000000             0.00000000
      1.58700000             0.00000000             0.00000000             0.00000000             0.00000000             1.00000000             0.00000000             0.24808039             0.00000000             0.00000000             0.00000000
      0.65330000             0.00000000             0.00000000             0.00000000             0.00000000             0.00000000             1.00000000             0.37443582             0.00000000             0.00000000             0.00000000
      0.26860000             0.00000000             0.00000000             0.00000000             0.00000000             0.00000000             0.00000000             0.34839573             1.00000000             0.00000000             0.00000000
      0.10670000             0.00000000             0.00000000             0.00000000             0.00000000             0.00000000             0.00000000             0.12842658             0.00000000             1.00000000             0.00000000
      0.0369000              0.00000000             0.00000000             0.00000000             0.00000000             0.00000000             0.00000000             0.00000000             0.00000000             0.00000000             1.00000000
N    D
    108.6850000              1.00000000             0.00000000             0.00000000             0.00000000             0.00000000             0.00000000             0.00000000             0.00000000
     39.0810000              0.00000000             1.00000000             0.00000000             0.00000000             0.00000000             0.00000000             0.00000000             0.00000000
     14.0530000              0.00000000             0.00000000             1.00000000             0.00000000             0.00000000             0.00000000             0.00000000             0.00000000
      4.64700000             0.00000000             0.00000000             0.00000000             1.00000000             0.00000000             0.00000000             0.00000000             0.00000000
      1.81300000             0.00000000             0.00000000             0.00000000             0.00000000             1.00000000             0.00000000             0.00000000             0.00000000
      0.70700000             0.00000000             0.00000000             0.00000000             0.00000000             0.00000000             1.00000000             0.00000000             0.00000000
      0.27600000             0.00000000             0.00000000             0.00000000             0.00000000             0.00000000             0.00000000             1.00000000             0.00000000
      0.0971000              0.00000000             0.00000000             0.00000000             0.00000000             0.00000000             0.00000000             0.00000000             1.00000000
N    F
     52.6900000              1.00000000             0.00000000             0.00000000             0.00000000             0.00000000             0.00000000
     14.3570000              0.00000000             1.00000000             0.00000000             0.00000000             0.00000000             0.00000000
      2.94200000             0.00000000             0.00000000             1.00000000             0.00000000             0.00000000             0.00000000
      1.20400000             0.00000000             0.00000000             0.00000000             1.00000000             0.00000000             0.00000000
      0.49300000             0.00000000             0.00000000             0.00000000             0.00000000             1.00000000             0.00000000
      0.1920000              0.00000000             0.00000000             0.00000000             0.00000000             0.00000000             1.00000000
N    G
     41.1200000              1.00000000             0.00000000             0.00000000             0.00000000
      2.51100000             0.00000000             1.00000000             0.00000000             0.00000000
      0.94200000             0.00000000             0.00000000             1.00000000             0.00000000
      0.4360000              0.00000000             0.00000000             0.00000000             1.00000000
N    H
      1.76800000             1.00000000             0.00000000
      0.7880000              0.00000000             1.00000000
END
