BASIS "ao basis" SPHERICAL PRINT
#BASIS SET: (16s,10p,5d,4f,3g,2h,1i) -> [7s,6p,5d,4f,3g,2h,1i]
N    S
 432300.00000000             0.00001989             0.00000000             0.00000000             0.00000000             0.00000439             0.00000000             0.00000000
  64700.00000000             0.00007935             0.00000000             0.00000000             0.00000000             0.00001751             0.00000000             0.00000000
  14720.00000000             0.00030437             0.00000000             0.00000000             0.00000000             0.00006724             0.00000000             0.00000000
   4170.00000000             0.00108886             0.00000000             0.00000000             0.00000000             0.00024034             0.00000000             0.00000000
   1361.00000000             0.00367777             0.00000000             0.00000000             0.00000000             0.00081552             0.00000000             0.00000000
    491.20000000             0.01153015             0.00000000             0.00000000             0.00000000             0.00256332             0.00000000             0.00000000
    191.60000000             0.03292467             0.00000000             0.00000000             0.00000000             0.00744799             0.00000000             0.00000000
     79.41000000             0.08364833             0.00000000             0.00000000             0.00000000             0.01941260             0.00000000             0.00000000
     34.53000000             0.18024940             0.00000000             0.00000000             0.00000000             0.04484949             0.00000000             0.00000000
     15.58000000             0.30497694             0.00000000             0.00000000             0.00000000             0.08616373             0.00000000             0.00000000
      7.23200000             0.34076892             0.00000000             0.00000000             0.00000000             0.13328940             0.00000000             0.00000000
      3.38200000             0.17714355             1.00000000             0.00000000             0.00000000             0.10556879             0.00000000             0.00000000
      1.36900000             0.01983612             0.00000000             1.00000000             0.00000000            -0.13529150             0.00000000             0.00000000
      0.62480000            -0.00124285             0.00000000             0.00000000             1.00000000            -0.43413928             0.00000000             0.00000000
      0.27470000             0.00103769             0.00000000             0.00000000             0.00000000            -0.45255325             1.00000000             0.00000000
      0.11920000            -0.00012618             0.00000000             0.00000000             0.00000000            -0.13356442             0.00000000             1.00000000
N    P
    415.90000000             0.00000000             0.00000000             0.00015719             0.00000000             0.00000000             0.00000000
     98.61000000             0.00000000             0.00000000             0.00129396             0.00000000             0.00000000             0.00000000
     31.92000000             0.00000000             0.00000000             0.00673685             0.00000000             0.00000000             0.00000000
     12.00000000             0.00000000             0.00000000             0.02530724             0.00000000             0.00000000             0.00000000
      4.91900000             0.00000000             0.00000000             0.07524195             0.00000000             0.00000000             0.00000000
      2.14800000             1.00000000             0.00000000             0.17402782             0.00000000             0.00000000             0.00000000
      0.96960000             0.00000000             1.00000000             0.29273811             0.00000000             0.00000000             0.00000000
      0.43990000             0.00000000             0.00000000             0.34820496             1.00000000             0.00000000             0.00000000
      0.19780000             0.00000000             0.00000000             0.25596025             0.00000000             1.00000000             0.00000000
      0.08603000             0.00000000             0.00000000             0.06954614             0.00000000             0.00000000             1.00000000
N    D
      6.71700000             1.00000000             0.00000000             0.00000000             0.00000000             0.00000000
      2.89600000             0.00000000             1.00000000             0.00000000             0.00000000             0.00000000
      1.24900000             0.00000000             0.00000000             1.00000000             0.00000000             0.00000000
      0.53800000             0.00000000             0.00000000             0.00000000             1.00000000             0.00000000
      0.23200000             0.00000000             0.00000000             0.00000000             0.00000000             1.00000000
N    F
      3.82900000             1.00000000             0.00000000             0.00000000             0.00000000
      1.79500000             0.00000000             1.00000000             0.00000000             0.00000000
      0.84100000             0.00000000             0.00000000             1.00000000             0.00000000
      0.39400000             0.00000000             0.00000000             0.00000000             1.00000000
N    G
      3.85600000             1.00000000             0.00000000             0.00000000
      1.70200000             0.00000000             1.00000000             0.00000000
      0.75100000             0.00000000             0.00000000             1.00000000
N    H
      2.87500000             1.00000000             0.00000000
      1.17000000             0.00000000             1.00000000
N    I
      2.09900000             1.00000000
END
