BASIS "ao basis" SPHERICAL PRINT
#BASIS SET: (13s,8p,4d,2f) -> [7s,6p,4d,2f]
N    S
  11420.00000000             0.00000000             0.00067879             0.00000000             0.00000000             0.00014981             0.00000000             0.00000000
   1712.00000000             0.00000000             0.00428582             0.00000000             0.00000000             0.00094949             0.00000000             0.00000000
    389.30000000             0.00000000             0.02113965             0.00000000             0.00000000             0.00471218             0.00000000             0.00000000
    110.00000000             0.00000000             0.08119205             0.00000000             0.00000000             0.01866655             0.00000000             0.00000000
     35.57000000             0.00000000             0.23343514             0.00000000             0.00000000             0.05750170             0.00000000             0.00000000
     16.2010000              1.00000000             0.00000000             0.00000000             0.00000000             0.00000000             0.00000000             0.00000000
     12.54000000             0.00000000             0.43331673             0.00000000             0.00000000             0.13221853             0.00000000             0.00000000
      5.9520000              0.00000000             0.00000000             1.00000000             0.00000000             0.00000000             0.00000000             0.00000000
      4.64400000             0.00000000             0.34691073             0.00000000             0.00000000             0.17214529             0.00000000             0.00000000
      1.29300000             0.00000000             0.04115865             0.00000000             1.00000000            -0.15265688             0.00000000             0.00000000
      0.51180000             0.00000000            -0.00848331             0.00000000             0.00000000            -0.59994849             0.00000000             0.00000000
      0.17870000             0.00000000             0.00237753             0.00000000             0.00000000            -0.38670047             1.00000000             0.00000000
      0.0576000              0.00000000             0.00000000             0.00000000             0.00000000             0.00000000             0.00000000             1.00000000
N    P
     44.8490000              1.00000000             0.00000000             0.00000000             0.00000000             0.00000000             0.00000000
     26.63000000             0.00000000             0.00000000             0.00000000             0.01473672             0.00000000             0.00000000
     11.8710000              0.00000000             1.00000000             0.00000000             0.00000000             0.00000000             0.00000000
      5.94800000             0.00000000             0.00000000             0.00000000             0.09183366             0.00000000             0.00000000
      1.74200000             0.00000000             0.00000000             0.00000000             0.29868477             0.00000000             0.00000000
      0.55500000             0.00000000             0.00000000             1.00000000             0.49837524             0.00000000             0.00000000
      0.17250000             0.00000000             0.00000000             0.00000000             0.33711092             1.00000000             0.00000000
      0.0491000              0.00000000             0.00000000             0.00000000             0.00000000             0.00000000             1.00000000
N    D
     14.2000000              1.00000000             0.00000000             0.00000000             0.00000000
      1.65400000             0.00000000             1.00000000             0.00000000             0.00000000
      0.46900000             0.00000000             0.00000000             1.00000000             0.00000000
      0.1510000              0.00000000             0.00000000             0.00000000             1.00000000
N    F
      1.09300000             1.00000000             0.00000000
      0.3640000              0.00000000             1.00000000
END
