BASIS "ao basis" SPHERICAL PRINT
#BASIS SET: (12s,6p,3d,2f,1g) -> [5s,4p,3d,2f,1g]
O    S
  61420.00000000             0.00016892             0.00000000             0.00000000             0.00003835             0.00000000
   9199.00000000             0.00086453             0.00000000             0.00000000             0.00019723             0.00000000
   2091.00000000             0.00394026             0.00000000             0.00000000             0.00089439             0.00000000
    590.90000000             0.01560939             0.00000000             0.00000000             0.00360642             0.00000000
    192.30000000             0.05294717             0.00000000             0.00000000             0.01230468             0.00000000
     69.32000000             0.14643866             0.00000000             0.00000000             0.03646965             0.00000000
     26.97000000             0.30541498             0.00000000             0.00000000             0.08317633             0.00000000
     11.10000000             0.39799560             0.00000000             0.00000000             0.15217163             0.00000000
      4.68200000             0.21643682             0.00000000             0.00000000             0.11465826             0.00000000
      1.42800000             0.01753909             1.00000000             0.00000000            -0.29008078             0.00000000
      0.55470000            -0.00249457             0.00000000             1.00000000            -0.58592940             0.00000000
      0.20670000             0.00095091             0.00000000             0.00000000            -0.27660120             1.00000000
O    P
     63.42000000             0.00000000             0.00611123             0.00000000             0.00000000
     14.66000000             0.00000000             0.04191101             0.00000000             0.00000000
      4.45900000             0.00000000             0.16121256             0.00000000             0.00000000
      1.53100000             1.00000000             0.35723033             0.00000000             0.00000000
      0.53020000             0.00000000             0.44738604             1.00000000             0.00000000
      0.17500000             0.00000000             0.24544096             0.00000000             1.00000000
O    D
      3.77500000             1.00000000             0.00000000             0.00000000
      1.30000000             0.00000000             1.00000000             0.00000000
      0.44400000             0.00000000             0.00000000             1.00000000
O    F
      2.66600000             1.00000000             0.00000000
      0.85900000             0.00000000             1.00000000
O    G
      1.84600000             1.00000000
END
