BASIS "ao basis" SPHERICAL PRINT
#BASIS SET: (10s,5p,2d,1f) -> [4s,3p,2d,1f]
O    S
  15330.00000000             0.00069696             0.00000000             0.00015840             0.00000000
   2299.00000000             0.00424154             0.00000000             0.00096819             0.00000000
    522.40000000             0.02071840             0.00000000             0.00475478             0.00000000
    147.30000000             0.07979644             0.00000000             0.01891345             0.00000000
     47.55000000             0.23118025             0.00000000             0.05869226             0.00000000
     16.76000000             0.43288371             0.00000000             0.13666137             0.00000000
      6.20700000             0.34950648             0.00000000             0.17524122             0.00000000
      1.75200000             0.04259008             1.00000000            -0.16208484             0.00000000
      0.68820000            -0.00812390             0.00000000            -0.60342765             0.00000000
      0.23840000             0.00237199             0.00000000            -0.37771518             1.00000000
O    P
     34.46000000             0.00000000             0.01603424             0.00000000
      7.74900000             0.00000000             0.09983288             0.00000000
      2.28000000             0.00000000             0.31084522             0.00000000
      0.71560000             1.00000000             0.49069596             0.00000000
      0.21400000             0.00000000             0.33630496             1.00000000
O    D
      2.31400000             1.00000000             0.00000000
      0.64500000             0.00000000             1.00000000
O    F
      1.42800000             1.00000000
END
