BASIS "ao basis" SPHERICAL PRINT
#BASIS SET: (16s,10p,5d,4f,3g,2h,1i) -> [7s,6p,5d,4f,3g,2h,1i]
O    S
 570800.00000000             0.00002234             0.00000000             0.00000000             0.00000000             0.00000508             0.00000000             0.00000000
  85480.00000000             0.00008570             0.00000000             0.00000000             0.00000000             0.00001948             0.00000000             0.00000000
  19460.00000000             0.00031868             0.00000000             0.00000000             0.00000000             0.00007252             0.00000000             0.00000000
   5512.00000000             0.00111369             0.00000000             0.00000000             0.00000000             0.00025324             0.00000000             0.00000000
   1798.00000000             0.00370266             0.00000000             0.00000000             0.00000000             0.00084584             0.00000000             0.00000000
    648.90000000             0.01151007             0.00000000             0.00000000             0.00000000             0.00263649             0.00000000             0.00000000
    253.10000000             0.03279835             0.00000000             0.00000000             0.00000000             0.00764667             0.00000000             0.00000000
    104.90000000             0.08332611             0.00000000             0.00000000             0.00000000             0.01994329             0.00000000             0.00000000
     45.65000000             0.17994060             0.00000000             0.00000000             0.00000000             0.04625432             0.00000000             0.00000000
     20.62000000             0.30519088             0.00000000             0.00000000             0.00000000             0.08934031             0.00000000             0.00000000
      9.58700000             0.34037168             0.00000000             0.00000000             0.00000000             0.13755098             0.00000000             0.00000000
      4.49300000             0.17697460             1.00000000             0.00000000             0.00000000             0.10456012             0.00000000             0.00000000
      1.83700000             0.02042587             0.00000000             1.00000000             0.00000000            -0.14557106             0.00000000             0.00000000
      0.83490000            -0.00096380             0.00000000             0.00000000             1.00000000            -0.44201458             0.00000000             0.00000000
      0.36580000             0.00105212             0.00000000             0.00000000             0.00000000            -0.44394414             1.00000000             0.00000000
      0.15700000            -0.00009621             0.00000000             0.00000000             0.00000000            -0.12755637             0.00000000             1.00000000
O    P
    525.60000000             0.00000000             0.00000000             0.00017913             0.00000000             0.00000000             0.00000000
    124.60000000             0.00000000             0.00000000             0.00145931             0.00000000             0.00000000             0.00000000
     40.34000000             0.00000000             0.00000000             0.00759956             0.00000000             0.00000000             0.00000000
     15.18000000             0.00000000             0.00000000             0.02867283             0.00000000             0.00000000             0.00000000
      6.24500000             0.00000000             0.00000000             0.08446584             0.00000000             0.00000000             0.00000000
      2.73200000             1.00000000             0.00000000             0.18762270             0.00000000             0.00000000             0.00000000
      1.22700000             0.00000000             1.00000000             0.29814762             0.00000000             0.00000000             0.00000000
      0.54920000             0.00000000             0.00000000             0.33840203             1.00000000             0.00000000             0.00000000
      0.24180000             0.00000000             0.00000000             0.24578741             0.00000000             1.00000000             0.00000000
      0.10250000             0.00000000             0.00000000             0.07180241             0.00000000             0.00000000             1.00000000
O    D
      8.25300000             1.00000000             0.00000000             0.00000000             0.00000000             0.00000000
      3.59700000             0.00000000             1.00000000             0.00000000             0.00000000             0.00000000
      1.56800000             0.00000000             0.00000000             1.00000000             0.00000000             0.00000000
      0.68400000             0.00000000             0.00000000             0.00000000             1.00000000             0.00000000
      0.29800000             0.00000000             0.00000000             0.00000000             0.00000000             1.00000000
O    F
      5.43000000             1.00000000             0.00000000             0.00000000             0.00000000
      2.41600000             0.00000000             1.00000000             0.00000000             0.00000000
      1.07500000             0.00000000             0.00000000             1.00000000             0.00000000
      0.47800000             0.00000000             0.00000000             0.00000000             1.00000000
O    G
      5.21100000             1.00000000             0.00000000             0.00000000
      2.19000000             0.00000000             1.00000000             0.00000000
      0.92000000             0.00000000             0.00000000             1.00000000
O    H
      3.87200000             1.00000000             0.00000000
      1.50500000             0.00000000             1.00000000
O    I
      2.77300000             1.00000000
END
