BASIS "ao basis" SPHERICAL PRINT
#BASIS SET: (18s,12p,7d,5f,3g,1h) -> [10s,9p,7d,5f,3g,1h]
O    S
 164200.00000000             0.00000000             0.00000000             0.00000000             0.00000000             0.00006678             0.00000000             0.00000000             0.00001518             0.00000000             0.00000000
  24590.00000000             0.00000000             0.00000000             0.00000000             0.00000000             0.00029961             0.00000000             0.00000000             0.00006817             0.00000000             0.00000000
   5592.00000000             0.00000000             0.00000000             0.00000000             0.00000000             0.00125613             0.00000000             0.00000000             0.00028560             0.00000000             0.00000000
   1582.00000000             0.00000000             0.00000000             0.00000000             0.00000000             0.00478881             0.00000000             0.00000000             0.00109463             0.00000000             0.00000000
    516.10000000             0.00000000             0.00000000             0.00000000             0.00000000             0.01647996             0.00000000             0.00000000             0.00378246             0.00000000             0.00000000
    188.6200000              1.00000000             0.00000000             0.00000000             0.00000000             0.00000000             0.00000000             0.00000000             0.00000000             0.00000000             0.00000000
    187.20000000             0.00000000             0.00000000             0.00000000             0.00000000             0.04956294             0.00000000             0.00000000             0.01165222             0.00000000             0.00000000
     82.2590000              0.00000000             1.00000000             0.00000000             0.00000000             0.00000000             0.00000000             0.00000000             0.00000000             0.00000000             0.00000000
     73.93000000             0.00000000             0.00000000             0.00000000             0.00000000             0.12533746             0.00000000             0.00000000             0.03062021             0.00000000             0.00000000
     35.8740000              0.00000000             0.00000000             1.00000000             0.00000000             0.00000000             0.00000000             0.00000000             0.00000000             0.00000000             0.00000000
     31.22000000             0.00000000             0.00000000             0.00000000             0.00000000             0.25190683             0.00000000             0.00000000             0.06833688             0.00000000             0.00000000
     15.6450000              0.00000000             0.00000000             0.00000000             1.00000000             0.00000000             0.00000000             0.00000000             0.00000000             0.00000000             0.00000000
     13.81000000             0.00000000             0.00000000             0.00000000             0.00000000             0.36209430             0.00000000             0.00000000             0.12047243             0.00000000             0.00000000
      6.25600000             0.00000000             0.00000000             0.00000000             0.00000000             0.27844943             0.00000000             0.00000000             0.14797211             0.00000000             0.00000000
      2.77600000             0.00000000             0.00000000             0.00000000             0.00000000             0.06336410             1.00000000             0.00000000            -0.01063279             0.00000000             0.00000000
      1.13800000             0.00000000             0.00000000             0.00000000             0.00000000             0.00106035             0.00000000             1.00000000            -0.38513209             0.00000000             0.00000000
      0.46000000             0.00000000             0.00000000             0.00000000             0.00000000             0.00113943             0.00000000             0.00000000            -0.53641093             1.00000000             0.00000000
      0.18290000             0.00000000             0.00000000             0.00000000             0.00000000            -0.00003904             0.00000000             0.00000000            -0.20174535             0.00000000             1.00000000
O    P
    225.6300000              1.00000000             0.00000000             0.00000000             0.00000000             0.00000000             0.00000000             0.00000000             0.00000000             0.00000000
    195.50000000             0.00000000             0.00000000             0.00000000             0.00000000             0.00000000             0.00000000             0.00094666             0.00000000             0.00000000
     89.4290000              0.00000000             1.00000000             0.00000000             0.00000000             0.00000000             0.00000000             0.00000000             0.00000000             0.00000000
     46.16000000             0.00000000             0.00000000             0.00000000             0.00000000             0.00000000             0.00000000             0.00744289             0.00000000             0.00000000
     35.4460000              0.00000000             0.00000000             1.00000000             0.00000000             0.00000000             0.00000000             0.00000000             0.00000000             0.00000000
     14.58000000             0.00000000             0.00000000             0.00000000             0.00000000             0.00000000             0.00000000             0.03504699             0.00000000             0.00000000
     14.0490000              0.00000000             0.00000000             0.00000000             1.00000000             0.00000000             0.00000000             0.00000000             0.00000000             0.00000000
      5.29600000             0.00000000             0.00000000             0.00000000             0.00000000             0.00000000             0.00000000             0.11554110             0.00000000             0.00000000
      2.09400000             0.00000000             0.00000000             0.00000000             0.00000000             1.00000000             0.00000000             0.25693746             0.00000000             0.00000000
      0.84710000             0.00000000             0.00000000             0.00000000             0.00000000             0.00000000             1.00000000             0.37435553             0.00000000             0.00000000
      0.33680000             0.00000000             0.00000000             0.00000000             0.00000000             0.00000000             0.00000000             0.34178474             1.00000000             0.00000000
      0.12850000             0.00000000             0.00000000             0.00000000             0.00000000             0.00000000             0.00000000             0.13113763             0.00000000             1.00000000
O    D
    134.0560000              1.00000000             0.00000000             0.00000000             0.00000000             0.00000000             0.00000000             0.00000000
     47.3200000              0.00000000             1.00000000             0.00000000             0.00000000             0.00000000             0.00000000             0.00000000
     16.7030000              0.00000000             0.00000000             1.00000000             0.00000000             0.00000000             0.00000000             0.00000000
      5.87900000             0.00000000             0.00000000             0.00000000             1.00000000             0.00000000             0.00000000             0.00000000
      2.30700000             0.00000000             0.00000000             0.00000000             0.00000000             1.00000000             0.00000000             0.00000000
      0.90500000             0.00000000             0.00000000             0.00000000             0.00000000             0.00000000             1.00000000             0.00000000
      0.35500000             0.00000000             0.00000000             0.00000000             0.00000000             0.00000000             0.00000000             1.00000000
O    F
     65.5460000              1.00000000             0.00000000             0.00000000             0.00000000             0.00000000
     17.3540000              0.00000000             1.00000000             0.00000000             0.00000000             0.00000000
      4.01600000             0.00000000             0.00000000             1.00000000             0.00000000             0.00000000
      1.55400000             0.00000000             0.00000000             0.00000000             1.00000000             0.00000000
      0.60100000             0.00000000             0.00000000             0.00000000             0.00000000             1.00000000
O    G
     48.5780000              1.00000000             0.00000000             0.00000000
      3.35000000             0.00000000             1.00000000             0.00000000
      1.18900000             0.00000000             0.00000000             1.00000000
O    H
      2.31900000             1.00000000
END
