BASIS "ao basis" SPHERICAL PRINT
#BASIS SET: (9s,4p,1d) -> [3s,2p,1d]
O    S
  11720.00000000             0.00093066             0.00020998             0.00000000
   1759.00000000             0.00581684             0.00134491             0.00000000
    400.80000000             0.02836175             0.00640025             0.00000000
    113.70000000             0.10543542             0.02592767             0.00000000
     37.03000000             0.28344444             0.07112663             0.00000000
     13.27000000             0.44828177             0.16560618             0.00000000
      5.02500000             0.27029722             0.11608452             0.00000000
      1.01300000             0.01540838            -0.55847660             0.00000000
      0.30230000            -0.00257638            -0.57144306             1.00000000
O    P
     17.70000000             0.04315735             0.00000000
      3.85400000             0.22913001             0.00000000
      1.04600000             0.50873438             0.00000000
      0.27530000             0.46030757             1.00000000
O    D
      1.18500000             1.00000000
END
