BASIS "ao basis" SPHERICAL PRINT
#BASIS SET: (22s,15p,7d,5f,4g,3h,2i) -> [9s,8p,7d,5f,4g,3h,2i]
S    S
6297000.00000000             0.00002196             0.00000611             0.00000000             0.00000000             0.00000000             0.00000177             0.00000000             0.00000000             0.00000000
 943100.00000000             0.00006593             0.00001834             0.00000000             0.00000000             0.00000000             0.00000533             0.00000000             0.00000000             0.00000000
 214900.00000000             0.00019252             0.00005359             0.00000000             0.00000000             0.00000000             0.00001556             0.00000000             0.00000000             0.00000000
  61250.00000000             0.00052753             0.00014688             0.00000000             0.00000000             0.00000000             0.00004266             0.00000000             0.00000000             0.00000000
  20450.00000000             0.00139512             0.00038923             0.00000000             0.00000000             0.00000000             0.00011308             0.00000000             0.00000000             0.00000000
   7719.00000000             0.00352740             0.00098543             0.00000000             0.00000000             0.00000000             0.00028626             0.00000000             0.00000000             0.00000000
   3198.00000000             0.00869401             0.00244578             0.00000000             0.00000000             0.00000000             0.00071118             0.00000000             0.00000000             0.00000000
   1402.00000000             0.02125066             0.00602822             0.00000000             0.00000000             0.00000000             0.00175339             0.00000000             0.00000000             0.00000000
    637.20000000             0.04994054             0.01452508             0.00000000             0.00000000             0.00000000             0.00423686             0.00000000             0.00000000             0.00000000
    298.90000000             0.10748909             0.03257042             0.00000000             0.00000000             0.00000000             0.00953009             0.00000000             0.00000000             0.00000000
    144.30000000             0.20129960             0.06683102             0.00000000             0.00000000             0.00000000             0.01973802             0.00000000             0.00000000             0.00000000
     71.21000000             0.30012725             0.11736075             0.00000000             0.00000000             0.00000000             0.03517812             0.00000000             0.00000000             0.00000000
     35.73000000             0.29646588             0.15911255             0.00000000             0.00000000             0.00000000             0.04931644             0.00000000             0.00000000             0.00000000
     17.97000000             0.14468257             0.09139294             0.00000000             0.00000000             0.00000000             0.02925549             0.00000000             0.00000000             0.00000000
      8.34100000             0.01982916            -0.19200132             0.00000000             0.00000000             0.00000000            -0.06802585             0.00000000             0.00000000             0.00000000
      4.11200000            -0.00023889            -0.50509267             0.00000000             0.00000000             0.00000000            -0.22439159             0.00000000             0.00000000             0.00000000
      2.04500000             0.00088670            -0.39576219             1.00000000             0.00000000             0.00000000            -0.30784643             0.00000000             0.00000000             0.00000000
      0.97700000            -0.00031222            -0.07165666             0.00000000             1.00000000             0.00000000            -0.00692506             0.00000000             0.00000000             0.00000000
      0.47660000             0.00012830             0.00005337             0.00000000             0.00000000             1.00000000             0.48365171             0.00000000             0.00000000             0.00000000
      0.21850000            -0.00006549            -0.00134149             0.00000000             0.00000000             0.00000000             0.55297388             1.00000000             0.00000000             0.00000000
      0.09759000             0.00001226             0.00001863             0.00000000             0.00000000             0.00000000             0.16090507             0.00000000             1.00000000             0.00000000
      0.0389300              0.00000000             0.00000000             0.00000000             0.00000000             0.00000000             0.00000000             0.00000000             0.00000000             1.00000000
S    P
   5266.00000000             0.00008383             0.00000000             0.00000000             0.00000000             0.00002139             0.00000000             0.00000000             0.00000000
   1247.00000000             0.00053907             0.00000000             0.00000000             0.00000000             0.00013717             0.00000000             0.00000000             0.00000000
    405.00000000             0.00281844             0.00000000             0.00000000             0.00000000             0.00072154             0.00000000             0.00000000             0.00000000
    154.80000000             0.01164171             0.00000000             0.00000000             0.00000000             0.00298165             0.00000000             0.00000000             0.00000000
     65.38000000             0.03900709             0.00000000             0.00000000             0.00000000             0.01014073             0.00000000             0.00000000             0.00000000
     29.59000000             0.10498029             0.00000000             0.00000000             0.00000000             0.02771328             0.00000000             0.00000000             0.00000000
     14.04000000             0.21609064             0.00000000             0.00000000             0.00000000             0.05889566             0.00000000             0.00000000             0.00000000
      6.82400000             0.32513270             0.00000000             0.00000000             0.00000000             0.09029168             0.00000000             0.00000000             0.00000000
      3.36900000             0.32557106             0.00000000             0.00000000             0.00000000             0.09972810             0.00000000             0.00000000             0.00000000
      1.66600000             0.16269740             1.00000000             0.00000000             0.00000000             0.01053136             0.00000000             0.00000000             0.00000000
      0.76810000             0.02386617             0.00000000             1.00000000             0.00000000            -0.23289501             0.00000000             0.00000000             0.00000000
      0.35040000             0.00046526             0.00000000             0.00000000             1.00000000            -0.43180921             0.00000000             0.00000000             0.00000000
      0.15560000             0.00073357             0.00000000             0.00000000             0.00000000            -0.37283385             1.00000000             0.00000000             0.00000000
      0.06681000             0.00003229             0.00000000             0.00000000             0.00000000            -0.11569558             0.00000000             1.00000000             0.00000000
      0.0264800              0.00000000             0.00000000             0.00000000             0.00000000             0.00000000             0.00000000             0.00000000             1.00000000
S    D
      9.4730000              1.00000000             0.00000000             0.00000000             0.00000000             0.00000000             0.00000000             0.00000000
      2.4820000              0.00000000             1.00000000             0.00000000             0.00000000             0.00000000             0.00000000             0.00000000
      1.0880000              0.00000000             0.00000000             1.00000000             0.00000000             0.00000000             0.00000000             0.00000000
      0.6920000              0.00000000             0.00000000             0.00000000             1.00000000             0.00000000             0.00000000             0.00000000
      0.3190000              0.00000000             0.00000000             0.00000000             0.00000000             1.00000000             0.00000000             0.00000000
      0.1340000              0.00000000             0.00000000             0.00000000             0.00000000             0.00000000             1.00000000             0.00000000
      0.0507000              0.00000000             0.00000000             0.00000000             0.00000000             0.00000000             0.00000000             1.00000000
S    F
      2.21200000             1.00000000             0.00000000             0.00000000             0.00000000             0.00000000
      1.06300000             0.00000000             1.00000000             0.00000000             0.00000000             0.00000000
      0.51000000             0.00000000             0.00000000             1.00000000             0.00000000             0.00000000
      0.24500000             0.00000000             0.00000000             0.00000000             1.00000000             0.00000000
      0.1100000              0.00000000             0.00000000             0.00000000             0.00000000             1.00000000
S    G
      1.34730000             1.00000000             0.00000000             0.00000000             0.00000000
      0.70090000             0.00000000             1.00000000             0.00000000             0.00000000
      0.36470000             0.00000000             0.00000000             1.00000000             0.00000000
      0.1799000              0.00000000             0.00000000             0.00000000             1.00000000
S    H
      1.28610000             1.00000000             0.00000000             0.00000000
      0.61150000             0.00000000             1.00000000             0.00000000
      0.3465000              0.00000000             0.00000000             1.00000000
S    I
      1.04090000             1.00000000             0.00000000
      0.6222000              0.00000000             1.00000000
END
