BASIS "ao basis" SPHERICAL PRINT
#BASIS SET: (20s,12p,8d,6f,4g,2h) -> [11s,10p,8d,6f,4g,2h]
S    S
5481000.00000000             0.00002440             0.0                    0.0                    0.0                    0.0                    0.00000679             0.0                    0.0                    0.0                    0.0                    0.0
 820600.00000000             0.00007390             0.0                    0.0                    0.0                    0.0                    0.00002056             0.0                    0.0                    0.0                    0.0                    0.0
 186700.00000000             0.00021842             0.0                    0.0                    0.0                    0.0                    0.00006078             0.0                    0.0                    0.0                    0.0                    0.0
  52880.00000000             0.00061492             0.0                    0.0                    0.0                    0.0                    0.00017130             0.0                    0.0                    0.0                    0.0                    0.0
  17250.00000000             0.00172079             0.0                    0.0                    0.0                    0.0                    0.00047987             0.0                    0.0                    0.0                    0.0                    0.0
   6226.00000000             0.00473651             0.0                    0.0                    0.0                    0.0                    0.00132596             0.0                    0.0                    0.0                    0.0                    0.0
   2429.00000000             0.01276724             0.0                    0.0                    0.0                    0.0                    0.00359560             0.0                    0.0                    0.0                    0.0                    0.0
   1007.00000000             0.03289756             0.0                    0.0                    0.0                    0.0                    0.00941915             0.0                    0.0                    0.0                    0.0                    0.0
    439.50000000             0.07831901             0.0                    0.0                    0.0                    0.0                    0.02313326             0.0                    0.0                    0.0                    0.0                    0.0
    199.80000000             0.16428111             0.0                    0.0                    0.0                    0.0                    0.05199469             0.0                    0.0                    0.0                    0.0                    0.0
     93.92000000             0.27950489             0.0                    0.0                    0.0                    0.0                    0.10102026             0.0                    0.0                    0.0                    0.0                    0.0
     45.34000000             0.33123635             1.0                    0.0                    0.0                    0.0                    0.15667504             0.0                    0.0                    0.0                    0.0                    0.0
     22.15000000             0.20766904             0.0                    1.0                    0.0                    0.0                    0.13725983             0.0                    0.0                    0.0                    0.0                    0.0
     10.34000000             0.04103235             0.0                    0.0                    1.0                    0.0                   -0.08518851             0.0                    0.0                    0.0                    0.0                    0.0
      5.11900000            -0.00043957             0.0                    0.0                    0.0                    1.0                   -0.43282938             0.0                    0.0                    0.0                    0.0                    0.0
      2.55300000             0.00166416             0.0                    0.0                    0.0                    0.0                   -0.47881667             1.0                    0.0                    0.0                    0.0                    0.0
      1.28200000            -0.00050897             0.0                    0.0                    0.0                    0.0                   -0.15398914             0.0                    1.0                    0.0                    0.0                    0.0
      0.54500000             0.00018551             0.0                    0.0                    0.0                    0.0                   -0.00766354             0.0                    0.0                    1.0                    0.0                    0.0
      0.24110000            -0.00009819             0.0                    0.0                    0.0                    0.0                   -0.00037717             0.0                    0.0                    0.0                    1.0                    0.0
      0.10350000             0.00002054             0.0                    0.0                    0.0                    0.0                   -0.00022220             0.0                    0.0                    0.0                    0.0                    1.0
S    P
   2200.00000000             0.0                    0.0                    0.0                    0.0                    0.00030995             0.0                    0.0                    0.0                    0.0                    0.0
    521.40000000             0.0                    0.0                    0.0                    0.0                    0.00223946             0.0                    0.0                    0.0                    0.0                    0.0
    169.00000000             0.0                    0.0                    0.0                    0.0                    0.01159587             0.0                    0.0                    0.0                    0.0                    0.0
     64.05000000             1.0                    0.0                    0.0                    0.0                    0.04465812             0.0                    0.0                    0.0                    0.0                    0.0
     26.72000000             0.0                    1.0                    0.0                    0.0                    0.12988243             0.0                    0.0                    0.0                    0.0                    0.0
     11.83000000             0.0                    0.0                    1.0                    0.0                    0.26939549             0.0                    0.0                    0.0                    0.0                    0.0
      5.37800000             0.0                    0.0                    0.0                    1.0                    0.37827301             0.0                    0.0                    0.0                    0.0                    0.0
      2.48200000             0.0                    0.0                    0.0                    0.0                    0.29606700             1.0                    0.0                    0.0                    0.0                    0.0
      1.11600000             0.0                    0.0                    0.0                    0.0                    0.07777504             0.0                    1.0                    0.0                    0.0                    0.0
      0.48480000             0.0                    0.0                    0.0                    0.0                    0.00205667             0.0                    0.0                    1.0                    0.0                    0.0
      0.20060000             0.0                    0.0                    0.0                    0.0                    0.00142523             0.0                    0.0                    0.0                    1.0                    0.0
      0.07951000             0.0                    0.0                    0.0                    0.0                   -0.00004728             0.0                    0.0                    0.0                    0.0                    1.0
S    D
     56.6940000              1.00000000             0.00000000             0.00000000             0.00000000             0.00000000             0.00000000             0.00000000             0.00000000
     28.0700000              0.00000000             1.00000000             0.00000000             0.00000000             0.00000000             0.00000000             0.00000000             0.00000000
     13.8980000              0.00000000             0.00000000             1.00000000             0.00000000             0.00000000             0.00000000             0.00000000             0.00000000
      6.8810000              0.00000000             0.00000000             0.00000000             1.00000000             0.00000000             0.00000000             0.00000000             0.00000000
      3.20300000             0.00000000             0.00000000             0.00000000             0.00000000             1.00000000             0.00000000             0.00000000             0.00000000
      1.28100000             0.00000000             0.00000000             0.00000000             0.00000000             0.00000000             1.00000000             0.00000000             0.00000000
      0.51200000             0.00000000             0.00000000             0.00000000             0.00000000             0.00000000             0.00000000             1.00000000             0.00000000
      0.20500000             0.00000000             0.00000000             0.00000000             0.00000000             0.00000000             0.00000000             0.00000000             1.00000000
S    F
     26.3820000              1.00000000             0.00000000             0.00000000             0.00000000             0.00000000             0.00000000
     11.0720000              0.00000000             1.00000000             0.00000000             0.00000000             0.00000000             0.00000000
      4.6470000              0.00000000             0.00000000             1.00000000             0.00000000             0.00000000             0.00000000
      1.09600000             0.00000000             0.00000000             0.00000000             1.00000000             0.00000000             0.00000000
      0.52900000             0.00000000             0.00000000             0.00000000             0.00000000             1.00000000             0.00000000
      0.25500000             0.00000000             0.00000000             0.00000000             0.00000000             0.00000000             1.00000000
S    G
     20.3460000              1.00000000             0.00000000             0.00000000             0.00000000
      7.9080000              0.00000000             1.00000000             0.00000000             0.00000000
      1.07100000             0.00000000             0.00000000             1.00000000             0.00000000
      0.46300000             0.00000000             0.00000000             0.00000000             1.00000000
S    H
     15.3060000              1.00000000             0.00000000
      0.87200000             0.00000000             1.00000000
END
