BASIS "ao basis" SPHERICAL PRINT
#BASIS SET: (15s,9p,3d,1f) -> [5s,4p,3d,1f]
S    S
 374100.00000000             0.00020709             0.00005763             0.00000000             0.00001674             0.00000000
  56050.00000000             0.00079933             0.00022253             0.00000000             0.00006462             0.00000000
  12760.00000000             0.00300969             0.00084081             0.00000000             0.00024435             0.00000000
   3615.00000000             0.01053215             0.00295296             0.00000000             0.00085770             0.00000000
   1183.00000000             0.03402399             0.00971558             0.00000000             0.00283010             0.00000000
    428.80000000             0.09693595             0.02862719             0.00000000             0.00835112             0.00000000
    167.80000000             0.22526762             0.07312329             0.00000000             0.02156508             0.00000000
     69.47000000             0.37355387             0.14709720             0.00000000             0.04407257             0.00000000
     29.84000000             0.32628376             0.19357062             0.00000000             0.06074125             0.00000000
     12.72000000             0.08360920            -0.01283241             0.00000000            -0.00517327             0.00000000
      5.24400000             0.00044328            -0.51947848             0.00000000            -0.20668839             0.00000000
      2.21900000             0.00162117            -0.53753822             0.00000000            -0.37965620             0.00000000
      0.77670000            -0.00061082            -0.06704321             1.00000000             0.08847540             0.00000000
      0.34900000             0.00029536             0.00884284             0.00000000             0.71404941             0.00000000
      0.13220000            -0.00008255            -0.00218074             0.00000000             0.38958675             1.00000000
S    P
    574.40000000             0.00265554             0.00000000             0.00067982             0.00000000
    135.80000000             0.01976089             0.00000000             0.00506504             0.00000000
     43.19000000             0.08938342             0.00000000             0.02349031             0.00000000
     15.87000000             0.25525446             0.00000000             0.06868443             0.00000000
      6.20800000             0.43372489             0.00000000             0.12374304             0.00000000
      2.48300000             0.35412323             0.00000000             0.09656472             0.00000000
      0.86880000             0.06174817             1.00000000            -0.22899107             0.00000000
      0.32290000            -0.00501664             0.00000000            -0.56854877             0.00000000
      0.10980000             0.00210261             0.00000000            -0.36653291             1.00000000
S    D
      3.1200000              1.00000000             0.00000000             0.00000000
      0.6480000              0.00000000             1.00000000             0.00000000
      0.2180000              0.00000000             0.00000000             1.00000000
S    F
      0.55700000             1.00000000
END
