BASIS "ao basis" SPHERICAL PRINT
#BASIS SET: (13s,9p,3d) -> [5s,4p,3d]
S    S
 110800.00000000             0.00060344             0.00016829             0.00004882             0.00000000             0.00000000
  16610.00000000             0.00273460             0.00075907             0.00022070             0.00000000             0.00000000
   3781.00000000             0.01147871             0.00324882             0.00094100             0.00000000             0.00000000
   1071.00000000             0.04248872             0.01198866             0.00350253             0.00000000             0.00000000
    349.80000000             0.13112085             0.04001101             0.01162541             0.00000000             0.00000000
    126.30000000             0.30461472             0.10057132             0.02998666             0.00000000             0.00000000
     49.26000000             0.41930993             0.20017030             0.06006253             0.00000000             0.00000000
     20.16000000             0.22826796             0.11884297             0.03997731             0.00000000             0.00000000
      5.72000000             0.01764219            -0.51854580            -0.21089211             0.00000000             0.00000000
      2.18200000            -0.00292949            -0.60096134            -0.38849434             0.00000000             0.00000000
      0.43270000             0.00083652            -0.03868933             0.63895214             0.00000000             0.00000000
      0.15700000            -0.00036241             0.00922696             0.55063748             1.00000000             0.00000000
      0.0507000              0.00000000             0.00000000             0.00000000             0.00000000             1.00000000
S    P
    399.70000000             0.00479129             0.00124398             0.00000000             0.00000000
     94.19000000             0.03479362             0.00882120             0.00000000             0.00000000
     29.75000000             0.14516591             0.03934419             0.00000000             0.00000000
     10.77000000             0.35422028             0.09351327             0.00000000             0.00000000
      4.11900000             0.45842121             0.14776599             0.00000000             0.00000000
      1.62500000             0.20581604            -0.03084703             0.00000000             0.00000000
      0.47260000             0.01021991            -0.56162015             0.00000000             0.00000000
      0.14070000            -0.00005660            -0.53441022             1.00000000             0.00000000
      0.0399000              0.00000000             0.00000000             0.00000000             1.00000000
S    D
      2.5060000              1.00000000             0.00000000             0.00000000
      0.3740000              0.00000000             1.00000000             0.00000000
      0.1160000              0.00000000             0.00000000             1.00000000
END
