BASIS "ao basis" SPHERICAL PRINT
#BASIS SET: (20s,15p,7d,5f,3g) -> [10s,9p,7d,5f,3g]
S    S
 727800.00000000             0.00011909             0.00000000             0.00000000             0.00000000             0.00003313             0.00000000             0.00000000             0.00000962             0.00000000             0.00000000
 109000.00000000             0.00042588             0.00000000             0.00000000             0.00000000             0.00011852             0.00000000             0.00000000             0.00003441             0.00000000             0.00000000
  24800.00000000             0.00150296             0.00000000             0.00000000             0.00000000             0.00041923             0.00000000             0.00000000             0.00012186             0.00000000             0.00000000
   7014.00000000             0.00503574             0.00000000             0.00000000             0.00000000             0.00140708             0.00000000             0.00000000             0.00040834             0.00000000             0.00000000
   2278.00000000             0.01619287             0.00000000             0.00000000             0.00000000             0.00457206             0.00000000             0.00000000             0.00133168             0.00000000             0.00000000
    814.70000000             0.04851815             0.00000000             0.00000000             0.00000000             0.01394329             0.00000000             0.00000000             0.00405303             0.00000000             0.00000000
    313.40000000             0.12767985             0.00000000             0.00000000             0.00000000             0.03870006             0.00000000             0.00000000             0.01135696             0.00000000             0.00000000
    127.70000000             0.26948409             0.00000000             0.00000000             0.00000000             0.09089342             0.00000000             0.00000000             0.02677831             0.00000000             0.00000000
     54.48000000             0.38316182             0.00000000             0.00000000             0.00000000             0.16743702             0.00000000             0.00000000             0.05103766             0.00000000             0.00000000
     23.85000000             0.26273400             0.00000000             0.00000000             0.00000000             0.16661294             0.00000000             0.00000000             0.05205182             0.00000000             0.00000000
     17.5990000              0.00000000             1.00000000             0.00000000             0.00000000             0.00000000             0.00000000             0.00000000             0.00000000             0.00000000             0.00000000
      9.42800000             0.04312977             0.00000000             0.00000000             0.00000000            -0.13283487             0.00000000             0.00000000            -0.04431002             0.00000000             0.00000000
      9.1860000              0.00000000             0.00000000             1.00000000             0.00000000             0.00000000             0.00000000             0.00000000             0.00000000             0.00000000             0.00000000
      4.7950000              0.00000000             0.00000000             0.00000000             1.00000000             0.00000000             0.00000000             0.00000000             0.00000000             0.00000000             0.00000000
      4.29000000            -0.00372597             0.00000000             0.00000000             0.00000000            -0.56551099             0.00000000             0.00000000            -0.25260189             0.00000000             0.00000000
      1.90900000             0.00214737             0.00000000             0.00000000             0.00000000            -0.42722972             0.00000000             0.00000000            -0.32981953             0.00000000             0.00000000
      0.62700000            -0.00082372             0.00000000             0.00000000             0.00000000            -0.03767396             1.00000000             0.00000000             0.26970637             0.00000000             0.00000000
      0.28730000             0.00044079             0.00000000             0.00000000             0.00000000             0.00694353             0.00000000             1.00000000             0.66493317             0.00000000             0.00000000
      0.11720000            -0.00012329             0.00000000             0.00000000             0.00000000            -0.00182712             0.00000000             0.00000000             0.28497438             1.00000000             0.00000000
      0.0428000              0.00000000             0.00000000             0.00000000             0.00000000             0.00000000             0.00000000             0.00000000             0.00000000             0.00000000             1.00000000
S    P
   1546.00000000             0.00000000             0.00000000             0.00053878             0.00000000             0.00000000             0.00013801             0.00000000             0.00000000             0.00000000
    366.40000000             0.00000000             0.00000000             0.00399512             0.00000000             0.00000000             0.00101525             0.00000000             0.00000000             0.00000000
    118.40000000             0.00000000             0.00000000             0.02030453             0.00000000             0.00000000             0.00525616             0.00000000             0.00000000             0.00000000
     44.53000000             0.00000000             0.00000000             0.07491100             0.00000000             0.00000000             0.01945794             0.00000000             0.00000000             0.00000000
     18.38000000             0.00000000             0.00000000             0.19795955             0.00000000             0.00000000             0.05374981             0.00000000             0.00000000             0.00000000
     18.1270000              1.00000000             0.00000000             0.00000000             0.00000000             0.00000000             0.00000000             0.00000000             0.00000000             0.00000000
      8.2190000              0.00000000             1.00000000             0.00000000             0.00000000             0.00000000             0.00000000             0.00000000             0.00000000             0.00000000
      7.96500000             0.00000000             0.00000000             0.35183923             0.00000000             0.00000000             0.09603601             0.00000000             0.00000000             0.00000000
      3.7260000              0.00000000             0.00000000             0.00000000             1.00000000             0.00000000             0.00000000             0.00000000             0.00000000             0.00000000
      3.54100000             0.00000000             0.00000000             0.37802574             0.00000000             0.00000000             0.11777292             0.00000000             0.00000000             0.00000000
      1.59100000             0.00000000             0.00000000             0.17045706             0.00000000             0.00000000            -0.00945268             0.00000000             0.00000000             0.00000000
      0.62050000             0.00000000             0.00000000             0.01515278             0.00000000             1.00000000            -0.35974398             0.00000000             0.00000000             0.00000000
      0.24200000             0.00000000             0.00000000             0.00005199             0.00000000             0.00000000            -0.52417453             1.00000000             0.00000000             0.00000000
      0.09014000             0.00000000             0.00000000             0.00041887             0.00000000             0.00000000            -0.24981834             0.00000000             1.00000000             0.00000000
      0.0317000              0.00000000             0.00000000             0.00000000             0.00000000             0.00000000             0.00000000             0.00000000             0.00000000             1.00000000
S    D
     27.4170000              1.00000000             0.00000000             0.00000000             0.00000000             0.00000000             0.00000000             0.00000000
     10.8930000              0.00000000             1.00000000             0.00000000             0.00000000             0.00000000             0.00000000             0.00000000
      4.3190000              0.00000000             0.00000000             1.00000000             0.00000000             0.00000000             0.00000000             0.00000000
      1.25000000             0.00000000             0.00000000             0.00000000             1.00000000             0.00000000             0.00000000             0.00000000
      0.50400000             0.00000000             0.00000000             0.00000000             0.00000000             1.00000000             0.00000000             0.00000000
      0.20300000             0.00000000             0.00000000             0.00000000             0.00000000             0.00000000             1.00000000             0.00000000
      0.0748000              0.00000000             0.00000000             0.00000000             0.00000000             0.00000000             0.00000000             1.00000000
S    F
     16.5350000              1.00000000             0.00000000             0.00000000             0.00000000             0.00000000
      6.0080000              0.00000000             1.00000000             0.00000000             0.00000000             0.00000000
      0.86900000             0.00000000             0.00000000             1.00000000             0.00000000             0.00000000
      0.33500000             0.00000000             0.00000000             0.00000000             1.00000000             0.00000000
      0.1400000              0.00000000             0.00000000             0.00000000             0.00000000             1.00000000
S    G
     12.5180000              1.00000000             0.00000000             0.00000000
      0.68300000             0.00000000             1.00000000             0.00000000
      0.2970000              0.00000000             0.00000000             1.00000000
END
