BASIS "ao basis" SPHERICAL PRINT
#BASIS SET: (20s,12p,5d,3f,2g,1h) -> [7s,6p,5d,3f,2g,1h]
S    S
5481000.00000000             0.00002440             0.00000679             0.00000000             0.00000000             0.00000000             0.00000197             0.00000000
 820600.00000000             0.00007390             0.00002056             0.00000000             0.00000000             0.00000000             0.00000597             0.00000000
 186700.00000000             0.00021842             0.00006078             0.00000000             0.00000000             0.00000000             0.00001766             0.00000000
  52880.00000000             0.00061492             0.00017130             0.00000000             0.00000000             0.00000000             0.00004974             0.00000000
  17250.00000000             0.00172079             0.00047987             0.00000000             0.00000000             0.00000000             0.00013947             0.00000000
   6226.00000000             0.00473651             0.00132596             0.00000000             0.00000000             0.00000000             0.00038499             0.00000000
   2429.00000000             0.01276724             0.00359560             0.00000000             0.00000000             0.00000000             0.00104651             0.00000000
   1007.00000000             0.03289756             0.00941915             0.00000000             0.00000000             0.00000000             0.00273899             0.00000000
    439.50000000             0.07831901             0.02313326             0.00000000             0.00000000             0.00000000             0.00676651             0.00000000
    199.80000000             0.16428111             0.05199469             0.00000000             0.00000000             0.00000000             0.01524850             0.00000000
     93.92000000             0.27950489             0.10102026             0.00000000             0.00000000             0.00000000             0.03015013             0.00000000
     45.34000000             0.33123635             0.15667504             0.00000000             0.00000000             0.00000000             0.04768308             0.00000000
     22.15000000             0.20766904             0.13725983             0.00000000             0.00000000             0.00000000             0.04414834             0.00000000
     10.34000000             0.04103235            -0.08518851             0.00000000             0.00000000             0.00000000            -0.03089941             0.00000000
      5.11900000            -0.00043957            -0.43282938             0.00000000             0.00000000             0.00000000            -0.17028837             0.00000000
      2.55300000             0.00166416            -0.47881667             0.00000000             0.00000000             0.00000000            -0.31081366             0.00000000
      1.28200000            -0.00050897            -0.15398914             1.00000000             0.00000000             0.00000000            -0.13224006             0.00000000
      0.54500000             0.00018551            -0.00766354             0.00000000             1.00000000             0.00000000             0.42713511             0.00000000
      0.24110000            -0.00009819            -0.00037717             0.00000000             0.00000000             1.00000000             0.61169369             0.00000000
      0.10350000             0.00002054            -0.00022220             0.00000000             0.00000000             0.00000000             0.19748813             1.00000000
S    P
   2200.00000000             0.00030995             0.00000000             0.00000000             0.00007896             0.00000000             0.00000000
    521.40000000             0.00223946             0.00000000             0.00000000             0.00057207             0.00000000             0.00000000
    169.00000000             0.01159587             0.00000000             0.00000000             0.00297290             0.00000000             0.00000000
     64.05000000             0.04465812             0.00000000             0.00000000             0.01159441             0.00000000             0.00000000
     26.72000000             0.12988243             0.00000000             0.00000000             0.03447532             0.00000000             0.00000000
     11.83000000             0.26939549             0.00000000             0.00000000             0.07362667             0.00000000             0.00000000
      5.37800000             0.37827301             0.00000000             0.00000000             0.10768313             0.00000000             0.00000000
      2.48200000             0.29606700             0.00000000             0.00000000             0.08744729             0.00000000             0.00000000
      1.11600000             0.07777504             1.00000000             0.00000000            -0.10834698             0.00000000             0.00000000
      0.48480000             0.00205667             0.00000000             1.00000000            -0.40801248             0.00000000             0.00000000
      0.20060000             0.00142523             0.00000000             0.00000000            -0.46685125             1.00000000             0.00000000
      0.07951000            -0.00004728             0.00000000             0.00000000            -0.18633510             0.00000000             1.00000000
S    D
      5.1030000              1.00000000             0.00000000             0.00000000             0.00000000             0.00000000
      1.2540000              0.00000000             1.00000000             0.00000000             0.00000000             0.00000000
      0.7240000              0.00000000             0.00000000             1.00000000             0.00000000             0.00000000
      0.3540000              0.00000000             0.00000000             0.00000000             1.00000000             0.00000000
      0.1440000              0.00000000             0.00000000             0.00000000             0.00000000             1.00000000
S    F
      1.09600000             1.00000000             0.00000000             0.00000000
      0.52900000             0.00000000             1.00000000             0.00000000
      0.25500000             0.00000000             0.00000000             1.00000000
S    G
      1.07100000             1.00000000             0.00000000
      0.46300000             0.00000000             1.00000000
S    H
      0.87200000             1.00000000
END
